108113
12774
12903
12729
12771
12729
12702
13616
12734
12947
12825
12812
12723
12716
13544
12680
12819
12712
12774
12720
12726
13926
12738
12673
12729
12713
12966
12720
13676
12804
13106
12760
13463
12716
12754
14375
12708
12700
12718
12728
12700
12840
14058
12740
12747
12690
12764
12692
12701
13644
12733
12689
12721
12777
12735
12722
13672
12713
12713
12740
12812
12743
12749
13553
12735
12711
12715
12694
12726
12715
14050
12833
12700
12777
12679
12719
12685
12758
12717
12730
12799
12721
12718
12725
12972
12750
12713
12874
12719
12802
