1.014802
-1.028573
0.110030
0.402169
-0.951130
1.404372
0.083465
0.466897
0.913928
0.740306
-0.915807
-0.571822
-0.845299
-1.095503
-0.013420
0.227727
-0.894246
-0.616588
-0.982333
0.502166
1.717236
-0.387258
1.119706
0.472802
2.679625
0.845142
-0.813761
-0.164744
-0.141808
0.168137
-0.473792
-0.331025
-0.783885
1.233784
-1.358754
0.522474
-0.256248
1.077731
-2.385021
-0.998856
-1.034373
0.214483
1.308045
0.898483
-1.464107
0.749392
-0.637952
0.082792
0.170721
0.499502
-0.117775
1.846512
0.761914
0.848541
0.352656
-0.132005
1.376478
0.577136
-0.471273
1.245308
-0.030423
-1.136362
-0.929612
-0.176189
-1.063252
-0.616294
-0.520888
2.702382
-0.034682
0.111769
-1.581842
-0.596906
-0.706370
-0.681027
-1.876149
-0.640672
-1.663899
0.736905
-0.478471
0.847414
0.905990
-1.724176
-0.698320
-0.247299
-1.776207
1.136598
0.389268
0.006400
-1.391799
-0.761143
-1.160692
-0.530973
0.398294
-0.588247
-0.592077
1.496551
1.226476
-0.108311
-0.259975
-1.949258
-0.458018
0.517613
-0.704698
1.015623
-0.597136
0.337300
1.289818
-0.918687
-0.300071
0.022964
0.629864
-0.664989
0.942066
0.284371
1.116302
-0.312324
-1.752441
-0.546780
-0.587314
1.422774
-1.618243
1.613821
0.385524
-0.170255
-0.497169
-0.130050
-1.059371
-0.928389
-0.616398
0.935977
0.053107
0.081291
0.315539
-0.305351
-0.239267
-1.115556
0.301035
2.042794
-0.003419
1.062559
-0.216034
2.096776
-1.109112
0.021659
0.099697
2.052714
1.315193
1.428878
-0.618586
0.179897
-0.312348
-0.247412
0.699720
-1.412155
0.957469
1.297585
0.552183
1.958829
0.145468
0.178681
0.305221
-0.005383
-0.408057
-0.542469
1.844020
1.024969
-0.595237
-0.474170
0.220650
-0.045645
-0.312728
0.144202
-2.061569
-1.750637
-0.315712
0.107351
-0.296339
2.139295
-0.193317
-1.151125
0.130635
-0.792008
0.800801
-1.298534
-0.309096
0.918412
-0.582564
0.302775
-0.908056
0.194063
-0.120432
-0.270525
0.437743
2.019115
0.105204
-0.040805
0.462941
0.795800
-0.804625
0.238731
0.254773
-0.637357
-1.689321
1.335908
-0.565784
-1.356126
0.591747
-2.264475
-1.825993
-0.272815
0.567016
-1.836348
0.412018
1.214555
-0.792453
0.870529
-0.528340
0.715627
-1.842009
-0.763745
-1.445162
-0.082327
-0.924879
-1.377555
0.058424
0.295520
0.218978
0.008786
1.207926
1.771006
-0.334255
-1.580349
1.042206
1.381360
0.162576
0.250669
0.332332
1.116224
0.692606
0.970580
0.017429
-1.228556
-0.388520
0.464148
0.301017
-0.667572
0.721136
-0.477643
1.043330
2.478193
-0.479724
0.072229
1.689558
-0.184229
-1.884183
0.888135
-1.596387
0.375208
-1.854198
0.192426
1.226268
0.918223
0.184686
-0.795591
0.837762
0.380494
0.304106
-0.591361
-1.315089
0.643221
0.619464
-1.056939
1.837631
0.631510
0.135772
1.213278
0.915221
-1.140552
-1.142113
0.612890
1.290808
-0.062342
1.287892
-1.746296
0.929157
1.035170
0.295132
0.444598
-0.477619
0.277286
0.472758
1.198336
-1.920498
-0.535793
0.342734
1.057628
-0.781013
-0.431934
-0.698670
-0.767670
0.328929
-0.152896
-0.257704
-0.032401
-0.232975
-1.014661
-0.356481
0.143450
-1.735346
0.134900
0.358038
-1.448482
0.760236
-0.620893
-1.585563
-0.249506
2.451351
-1.155316
-0.747663
1.384453
0.543705
1.354963
-0.603989
-0.426409
0.841304
-0.885254
0.114322
-0.046627
0.168471
0.081031
0.364311
-0.648375
0.336580
-1.869680
0.599213
0.369682
-0.062976
-0.813393
-0.753713
-1.411635
0.294439
-1.665812
-1.192067
-2.093752
-0.834241
-0.397783
0.620835
-0.335866
-0.979634
-0.581868
0.242475
-0.239214
0.845110
-0.326785
-0.866197
0.037785
-0.191363
0.731365
0.607853
0.418238
0.381180
-0.717665
-0.386392
0.624505
-1.612060
0.993076
0.873811
1.032962
-2.053119
-0.787002
1.891982
0.458601
1.664231
2.677450
-0.104855
-0.276279
-0.622194
-0.013660
1.546892
-2.071974
-0.353720
1.106179
0.486738
0.389889
0.774970
-0.156239
-0.967578
-0.439998
0.387759
0.772558
0.736261
0.207943
0.111586
-2.360220
1.903421
-1.184565
-1.004913
0.430894
1.153396
0.570754
-0.227461
0.146058
-0.523193
-0.980794
-0.766578
-0.429482
0.434710
0.380653
-0.743248
-0.699349
-1.862164
-0.092589
-0.199533
-1.294422
-1.681245
0.208711
0.136701
-0.026624
0.262121
-0.448419
-1.652740
0.778188
-0.577789
-1.264398
0.331836
0.290169
-0.095280
0.604462
-0.904077
0.695327
-0.646825
1.629898
-0.099655
0.012184
-0.107995
-0.737008
-1.226737
0.698352
0.559194
0.956711
-2.038118
1.153990
0.694711
0.375572
0.088449
0.009725
0.831100
0.535729
0.827261
1.865370
0.683445
-0.541133
0.662114
-1.407584
-0.931550
-0.878323
-0.392783
2.556624
-0.748800
1.759977
0.317206
-0.315723
1.312265
-1.012968
0.445260
0.817614
-0.576593
1.651103
-0.852968
-0.510080
0.549375
-0.464676
1.283934
0.362380
-0.005362
0.737389
-0.476946
0.844874
-0.366874
-1.347034
1.143531
0.794764
0.772709
0.939987
0.432423
-1.524984
1.576526
-1.192887
-0.416569
0.276391
0.634296
-1.253723
1.490341
-0.009889
-1.053074
0.642744
2.708482
0.017424
1.034478
-0.182601
1.014802
-1.028573
0.110030
0.402169
-0.951130
1.404372
0.083465
0.466897
0.913928
0.740306
-0.915807
-0.571822
-0.845299
-1.095503
-0.013420
0.227727
-0.894246
-0.616588
-0.982333
0.502166
1.717236
-0.387258
1.119706
0.472802
2.679625
0.845142
-0.813761
-0.164744
-0.141808
0.168137
-0.473792
-0.331025
-0.783885
1.233784
-1.358754
0.522474
-0.256248
1.077731
-2.385021
-0.998856
-1.034373
0.214483
1.308045
0.898483
-1.464107
0.749392
-0.637952
0.082792
0.170721
0.499502
-0.117775
1.846512
0.761914
0.848541
0.352656
-0.132005
1.376478
0.577136
-0.471273
1.245308
-0.030423
-1.136362
-0.929612
-0.176189
-1.063252
-0.616294
-0.520888
2.702382
-0.034682
0.111769
-1.581842
-0.596906
-0.706370
-0.681027
-1.876149
-0.640672
-1.663899
0.736905
-0.478471
0.847414
0.905990
-1.724176
-0.698320
-0.247299
-1.776207
1.136598
0.389268
0.006400
-1.391799
-0.761143
-1.160692
-0.530973
0.398294
-0.588247
-0.592077
1.496551
1.226476
-0.108311
-0.259975
-1.949258
-0.458018
0.517613
-0.704698
1.015623
-0.597136
0.337300
1.289818
-0.918687
-0.300071
0.022964
0.629864
-0.664989
0.942066
0.284371
1.116302
-0.312324
-1.752441
-0.546780
-0.587314
1.422774
-1.618243
1.613821
0.385524
-0.170255
-0.497169
-0.130050
-1.059371
-0.928389
-0.616398
0.935977
0.053107
0.081291
0.315539
-0.305351
-0.239267
-1.115556
0.301035
2.042794
-0.003419
1.062559
-0.216034
2.096776
-1.109112
0.021659
0.099697
2.052714
1.315193
1.428878
-0.618586
0.179897
-0.312348
-0.247412
0.699720
-1.412155
0.957469
1.297585
0.552183
1.958829
0.145468
0.178681
0.305221
-0.005383
-0.408057
-0.542469
1.844020
1.024969
-0.595237
-0.474170
0.220650
-0.045645
-0.312728
0.144202
-2.061569
-1.750637
-0.315712
0.107351
-0.296339
2.139295
-0.193317
-1.151125
0.130635
-0.792008
0.800801
-1.298534
-0.309096
0.918412
-0.582564
0.302775
-0.908056
0.194063
-0.120432
-0.270525
0.437743
2.019115
0.105204
-0.040805
0.462941
0.795800
-0.804625
0.238731
0.254773
-0.637357
-1.689321
1.335908
-0.565784
-1.356126
0.591747
-2.264475
-1.825993
-0.272815
0.567016
-1.836348
0.412018
1.214555
-0.792453
0.870529
-0.528340
0.715627
-1.842009
-0.763745
-1.445162
-0.082327
-0.924879
-1.377555
0.058424
0.295520
0.218978
0.008786
1.207926
1.771006
-0.334255
-1.580349
1.042206
1.381360
0.162576
0.250669
0.332332
1.116224
0.692606
0.970580
0.017429
-1.228556
-0.388520
0.464148
0.301017
-0.667572
0.721136
-0.477643
1.043330
2.478193
-0.479724
0.072229
1.689558
-0.184229
-1.884183
0.888135
-1.596387
0.375208
-1.854198
0.192426
1.226268
0.918223
0.184686
-0.795591
0.837762
0.380494
0.304106
-0.591361
-1.315089
0.643221
0.619464
-1.056939
1.837631
0.631510
0.135772
1.213278
0.915221
-1.140552
-1.142113
0.612890
1.290808
-0.062342
1.287892
-1.746296
0.929157
1.035170
0.295132
0.444598
-0.477619
0.277286
0.472758
1.198336
-1.920498
-0.535793
0.342734
1.057628
-0.781013
-0.431934
-0.698670
-0.767670
0.328929
-0.152896
-0.257704
-0.032401
-0.232975
-1.014661
-0.356481
0.143450
-1.735346
0.134900
0.358038
-1.448482
0.760236
-0.620893
-1.585563
-0.249506
2.451351
-1.155316
-0.747663
1.384453
0.543705
1.354963
-0.603989
-0.426409
0.841304
-0.885254
0.114322
-0.046627
0.168471
0.081031
0.364311
-0.648375
0.336580
-1.869680
0.599213
0.369682
-0.062976
-0.813393
-0.753713
-1.411635
0.294439
-1.665812
-1.192067
-2.093752
-0.834241
-0.397783
0.620835
-0.335866
-0.979634
-0.581868
0.242475
-0.239214
0.845110
-0.326785
-0.866197
0.037785
-0.191363
0.731365
0.607853
0.418238
0.381180
-0.717665
-0.386392
0.624505
-1.612060
0.993076
0.873811
1.032962
-2.053119
-0.787002
1.891982
0.458601
1.664231
2.677450
-0.104855
-0.276279
-0.622194
-0.013660
1.546892
-2.071974
-0.353720
1.106179
0.486738
0.389889
0.774970
-0.156239
-0.967578
-0.439998
0.387759
0.772558
0.736261
0.207943
0.111586
-2.360220
1.903421
-1.184565
-1.004913
0.430894
1.153396
0.570754
-0.227461
0.146058
-0.523193
-0.980794
-0.766578
-0.429482
0.434710
0.380653
-0.743248
-0.699349
-1.862164
-0.092589
-0.199533
-1.294422
-1.681245
0.208711
0.136701
-0.026624
0.262121
-0.448419
-1.652740
0.778188
-0.577789
-1.264398
0.331836
0.290169
-0.095280
0.604462
-0.904077
0.695327
-0.646825
1.629898
-0.099655
0.012184
-0.107995
-0.737008
-1.226737
0.698352
0.559194
0.956711
-2.038118
1.153990
0.694711
0.375572
0.088449
0.009725
0.831100
0.535729
0.827261
1.865370
0.683445
-0.541133
0.662114
-1.407584
-0.931550
-0.878323
-0.392783
2.556624
-0.748800
1.759977
0.317206
-0.315723
1.312265
-1.012968
0.445260
0.817614
-0.576593
1.651103
-0.852968
-0.510080
0.549375
-0.464676
1.283934
0.362380
-0.005362
0.737389
-0.476946
0.844874
-0.366874
-1.347034
1.143531
0.794764
0.772709
0.939987
0.432423
-1.524984
1.576526
-1.192887
-0.416569
0.276391
0.634296
-1.253723
1.490341
-0.009889
-1.053074
0.642744
2.708482
0.017424
1.034478
-0.182601
1.014802
-1.028573
0.110030
0.402169
-0.951130
1.404372
0.083465
0.466897
0.913928
0.740306
-0.915807
-0.571822
-0.845299
-1.095503
-0.013420
0.227727
-0.894246
-0.616588
-0.982333
0.502166
1.717236
-0.387258
1.119706
0.472802
2.679625
0.845142
-0.813761
-0.164744
-0.141808
0.168137
-0.473792
-0.331025
-0.783885
1.233784
-1.358754
0.522474
-0.256248
1.077731
-2.385021
-0.998856
-1.034373
0.214483
1.308045
0.898483
-1.464107
0.749392
-0.637952
0.082792
0.170721
0.499502
-0.117775
1.846512
0.761914
0.848541
0.352656
-0.132005
1.376478
0.577136
-0.471273
1.245308
-0.030423
-1.136362
-0.929612
-0.176189
-1.063252
-0.616294
-0.520888
2.702382
-0.034682
0.111769
-1.581842
-0.596906
-0.706370
-0.681027
-1.876149
-0.640672
-1.663899
0.736905
-0.478471
0.847414
0.905990
-1.724176
-0.698320
-0.247299
-1.776207
1.136598
0.389268
0.006400
-1.391799
-0.761143
-1.160692
-0.530973
0.398294
-0.588247
-0.592077
1.496551
1.226476
-0.108311
-0.259975
-1.949258
-0.458018
0.517613
-0.704698
1.015623
-0.597136
0.337300
1.289818
-0.918687
-0.300071
0.022964
0.629864
-0.664989
0.942066
0.284371
1.116302
-0.312324
-1.752441
-0.546780
-0.587314
1.422774
-1.618243
1.613821
0.385524
-0.170255
-0.497169
-0.130050
-1.059371
-0.928389
-0.616398
0.935977
0.053107
0.081291
0.315539
-0.305351
-0.239267
-1.115556
0.301035
2.042794
-0.003419
1.062559
-0.216034
2.096776
-1.109112
0.021659
0.099697
2.052714
1.315193
1.428878
-0.618586
0.179897
-0.312348
-0.247412
0.699720
-1.412155
0.957469
1.297585
0.552183
1.958829
0.145468
0.178681
0.305221
-0.005383
-0.408057
-0.542469
1.844020
1.024969
-0.595237
-0.474170
0.220650
-0.045645
-0.312728
0.144202
-2.061569
-1.750637
-0.315712
0.107351
-0.296339
2.139295
-0.193317
-1.151125
0.130635
-0.792008
0.800801
-1.298534
-0.309096
0.918412
-0.582564
0.302775
-0.908056
0.194063
-0.120432
-0.270525
0.437743
2.019115
0.105204
-0.040805
0.462941
0.795800
-0.804625
0.238731
0.254773
-0.637357
-1.689321
1.335908
-0.565784
-1.356126
0.591747
-2.264475
-1.825993
-0.272815
0.567016
-1.836348
0.412018
1.214555
-0.792453
0.870529
-0.528340
0.715627
-1.842009
-0.763745
-1.445162
-0.082327
-0.924879
-1.377555
0.058424
0.295520
0.218978
0.008786
1.207926
1.771006
-0.334255
-1.580349
1.042206
1.381360
0.162576
0.250669
0.332332
1.116224
0.692606
0.970580
0.017429
-1.228556
-0.388520
0.464148
0.301017
-0.667572
0.721136
-0.477643
1.043330
2.478193
-0.479724
0.072229
1.689558
-0.184229
-1.884183
0.888135
-1.596387
0.375208
-1.854198
0.192426
1.226268
0.918223
0.184686
-0.795591
0.837762
0.380494
0.304106
-0.591361
-1.315089
0.643221
0.619464
-1.056939
1.837631
0.631510
0.135772
1.213278
0.915221
-1.140552
-1.142113
0.612890
1.290808
-0.062342
1.287892
-1.746296
0.929157
1.035170
0.295132
0.444598
-0.477619
0.277286
0.472758
1.198336
-1.920498
-0.535793
0.342734
1.057628
-0.781013
-0.431934
-0.698670
-0.767670
0.328929
-0.152896
-0.257704
-0.032401
-0.232975
-1.014661
-0.356481
0.143450
-1.735346
0.134900
0.358038
-1.448482
0.760236
-0.620893
-1.585563
-0.249506
2.451351
-1.155316
-0.747663
1.384453
0.543705
1.354963
-0.603989
-0.426409
0.841304
-0.885254
0.114322
-0.046627
0.168471
0.081031
0.364311
-0.648375
0.336580
-1.869680
0.599213
0.369682
-0.062976
-0.813393
-0.753713
-1.411635
0.294439
-1.665812
-1.192067
-2.093752
-0.834241
-0.397783
0.620835
-0.335866
-0.979634
-0.581868
0.242475
-0.239214
0.845110
-0.326785
-0.866197
0.037785
-0.191363
0.731365
0.607853
0.418238
0.381180
-0.717665
-0.386392
0.624505
-1.612060
0.993076
0.873811
1.032962
-2.053119
-0.787002
1.891982
0.458601
1.664231
2.677450
-0.104855
-0.276279
-0.622194
-0.013660
1.546892
-2.071974
-0.353720
1.106179
0.486738
0.389889
0.774970
-0.156239
-0.967578
-0.439998
0.387759
0.772558
0.736261
0.207943
0.111586
-2.360220
1.903421
-1.184565
-1.004913
0.430894
1.153396
0.570754
-0.227461
0.146058
-0.523193
-0.980794
-0.766578
-0.429482
0.434710
0.380653
-0.743248
-0.699349
-1.862164
-0.092589
-0.199533
-1.294422
-1.681245
0.208711
0.136701
-0.026624
0.262121
-0.448419
-1.652740
0.778188
-0.577789
-1.264398
0.331836
0.290169
-0.095280
0.604462
-0.904077
0.695327
-0.646825
1.629898
-0.099655
0.012184
-0.107995
-0.737008
-1.226737
0.698352
0.559194
0.956711
-2.038118
1.153990
0.694711
0.375572
0.088449
0.009725
0.831100
0.535729
0.827261
1.865370
0.683445
-0.541133
0.662114
-1.407584
-0.931550
-0.878323
-0.392783
2.556624
-0.748800
1.759977
0.317206
-0.315723
1.312265
-1.012968
0.445260
0.817614
-0.576593
1.651103
-0.852968
-0.510080
0.549375
-0.464676
1.283934
0.362380
-0.005362
0.737389
-0.476946
0.844874
-0.366874
-1.347034
1.143531
0.794764
0.772709
0.939987
0.432423
-1.524984
1.576526
-1.192887
-0.416569
0.276391
0.634296
-1.253723
1.490341
-0.009889
-1.053074
0.642744
2.708482
0.017424
1.034478
-0.182601
1.014802
-1.028573
0.110030
0.402169
-0.951130
1.404372
0.083465
0.466897
0.913928
0.740306
-0.915807
-0.571822
-0.845299
-1.095503
-0.013420
0.227727
-0.894246
-0.616588
-0.982333
0.502166
1.717236
-0.387258
1.119706
0.472802
2.679625
0.845142
-0.813761
-0.164744
-0.141808
0.168137
-0.473792
-0.331025
-0.783885
1.233784
-1.358754
0.522474
-0.256248
1.077731
-2.385021
-0.998856
-1.034373
0.214483
1.308045
0.898483
-1.464107
0.749392
-0.637952
0.082792
0.170721
0.499502
-0.117775
1.846512
0.761914
0.848541
0.352656
-0.132005
1.376478
0.577136
-0.471273
1.245308
-0.030423
-1.136362
-0.929612
-0.176189
-1.063252
-0.616294
-0.520888
2.702382
-0.034682
0.111769
-1.581842
-0.596906
-0.706370
-0.681027
-1.876149
-0.640672
-1.663899
0.736905
-0.478471
0.847414
0.905990
-1.724176
-0.698320
-0.247299
-1.776207
1.136598
0.389268
0.006400
-1.391799
-0.761143
-1.160692
-0.530973
0.398294
-0.588247
-0.592077
1.496551
1.226476
-0.108311
-0.259975
-1.949258
-0.458018
0.517613
-0.704698
1.015623
-0.597136
0.337300
1.289818
-0.918687
-0.300071
0.022964
0.629864
-0.664989
0.942066
0.284371
1.116302
-0.312324
-1.752441
-0.546780
-0.587314
1.422774
-1.618243
1.613821
0.385524
-0.170255
-0.497169
-0.130050
-1.059371
-0.928389
-0.616398
0.935977
0.053107
0.081291
0.315539
-0.305351
-0.239267
-1.115556
0.301035
2.042794
-0.003419
1.062559
-0.216034
2.096776
-1.109112
0.021659
0.099697
2.052714
1.315193
1.428878
-0.618586
0.179897
-0.312348
-0.247412
0.699720
-1.412155
0.957469
1.297585
0.552183
1.958829
0.145468
0.178681
0.305221
-0.005383
-0.408057
-0.542469
1.844020
1.024969
-0.595237
-0.474170
0.220650
-0.045645
-0.312728
0.144202
-2.061569
-1.750637
-0.315712
0.107351
-0.296339
2.139295
-0.193317
-1.151125
0.130635
-0.792008
0.800801
-1.298534
-0.309096
0.918412
-0.582564
0.302775
-0.908056
0.194063
-0.120432
-0.270525
0.437743
2.019115
0.105204
-0.040805
0.462941
0.795800
-0.804625
0.238731
0.254773
-0.637357
-1.689321
1.335908
-0.565784
-1.356126
0.591747
-2.264475
-1.825993
-0.272815
0.567016
-1.836348
0.412018
1.214555
-0.792453
0.870529
-0.528340
0.715627
-1.842009
-0.763745
-1.445162
-0.082327
-0.924879
-1.377555
0.058424
0.295520
0.218978
0.008786
1.207926
1.771006
-0.334255
-1.580349
1.042206
1.381360
0.162576
0.250669
0.332332
1.116224
0.692606
0.970580
0.017429
-1.228556
-0.388520
0.464148
0.301017
-0.667572
0.721136
-0.477643
1.043330
2.478193
-0.479724
0.072229
1.689558
-0.184229
-1.884183
0.888135
-1.596387
0.375208
-1.854198
0.192426
1.226268
0.918223
0.184686
-0.795591
0.837762
0.380494
0.304106
-0.591361
-1.315089
0.643221
0.619464
-1.056939
1.837631
0.631510
0.135772
1.213278
0.915221
-1.140552
-1.142113
0.612890
1.290808
-0.062342
1.287892
-1.746296
0.929157
1.035170
0.295132
0.444598
-0.477619
0.277286
0.472758
1.198336
-1.920498
-0.535793
0.342734
1.057628
-0.781013
-0.431934
-0.698670
-0.767670
0.328929
-0.152896
-0.257704
-0.032401
-0.232975
-1.014661
-0.356481
0.143450
-1.735346
0.134900
0.358038
-1.448482
0.760236
-0.620893
-1.585563
-0.249506
2.451351
-1.155316
-0.747663
1.384453
0.543705
1.354963
-0.603989
-0.426409
0.841304
-0.885254
0.114322
-0.046627
0.168471
0.081031
0.364311
-0.648375
0.336580
-1.869680
0.599213
0.369682
-0.062976
-0.813393
-0.753713
-1.411635
0.294439
-1.665812
-1.192067
-2.093752
-0.834241
-0.397783
0.620835
-0.335866
-0.979634
-0.581868
0.242475
-0.239214
0.845110
-0.326785
-0.866197
0.037785
-0.191363
0.731365
0.607853
0.418238
0.381180
-0.717665
-0.386392
0.624505
-1.612060
0.993076
0.873811
1.032962
-2.053119
-0.787002
1.891982
0.458601
1.664231
2.677450
-0.104855
-0.276279
-0.622194
-0.013660
1.546892
-2.071974
-0.353720
1.106179
0.486738
0.389889
0.774970
-0.156239
-0.967578
-0.439998
0.387759
0.772558
0.736261
0.207943
0.111586
-2.360220
1.903421
-1.184565
-1.004913
0.430894
1.153396
0.570754
-0.227461
0.146058
-0.523193
-0.980794
-0.766578
-0.429482
0.434710
0.380653
-0.743248
-0.699349
-1.862164
-0.092589
-0.199533
-1.294422
-1.681245
0.208711
0.136701
-0.026624
0.262121
-0.448419
-1.652740
0.778188
-0.577789
-1.264398
0.331836
0.290169
-0.095280
0.604462
-0.904077
0.695327
-0.646825
1.629898
-0.099655
0.012184
-0.107995
-0.737008
-1.226737
0.698352
0.559194
0.956711
-2.038118
1.153990
0.694711
0.375572
0.088449
0.009725
0.831100
0.535729
0.827261
1.865370
0.683445
-0.541133
0.662114
-1.407584
-0.931550
-0.878323
-0.392783
2.556624
-0.748800
1.759977
0.317206
-0.315723
1.312265
-1.012968
0.445260
0.817614
-0.576593
1.651103
-0.852968
-0.510080
0.549375
-0.464676
1.283934
0.362380
-0.005362
0.737389
-0.476946
0.844874
-0.366874
-1.347034
1.143531
0.794764
0.772709
0.939987
0.432423
-1.524984
1.576526
-1.192887
-0.416569
0.276391
0.634296
-1.253723
1.490341
-0.009889
-1.053074
0.642744
2.708482
0.017424
1.034478
-0.182601
1.014802
-1.028573
0.110030
0.402169
-0.951130
1.404372
0.083465
0.466897
0.913928
0.740306
-0.915807
-0.571822
-0.845299
-1.095503
-0.013420
0.227727
-0.894246
-0.616588
-0.982333
0.502166
1.717236
-0.387258
1.119706
0.472802
2.679625
0.845142
-0.813761
-0.164744
-0.141808
0.168137
-0.473792
-0.331025
-0.783885
1.233784
-1.358754
0.522474
-0.256248
1.077731
-2.385021
-0.998856
-1.034373
0.214483
1.308045
0.898483
-1.464107
0.749392
-0.637952
0.082792
0.170721
0.499502
-0.117775
1.846512
0.761914
0.848541
0.352656
-0.132005
1.376478
0.577136
-0.471273
1.245308
-0.030423
-1.136362
-0.929612
-0.176189
-1.063252
-0.616294
-0.520888
2.702382
-0.034682
0.111769
-1.581842
-0.596906
-0.706370
-0.681027
-1.876149
-0.640672
-1.663899
0.736905
-0.478471
0.847414
0.905990
-1.724176
-0.698320
-0.247299
-1.776207
1.136598
0.389268
0.006400
-1.391799
-0.761143
-1.160692
-0.530973
0.398294
-0.588247
-0.592077
1.496551
1.226476
-0.108311
-0.259975
-1.949258
-0.458018
0.517613
-0.704698
1.015623
-0.597136
0.337300
1.289818
-0.918687
-0.300071
0.022964
0.629864
-0.664989
0.942066
0.284371
1.116302
-0.312324
-1.752441
-0.546780
-0.587314
1.422774
-1.618243
1.613821
0.385524
-0.170255
-0.497169
-0.130050
-1.059371
-0.928389
-0.616398
0.935977
0.053107
0.081291
0.315539
-0.305351
-0.239267
-1.115556
0.301035
2.042794
-0.003419
1.062559
-0.216034
2.096776
-1.109112
0.021659
0.099697
2.052714
1.315193
1.428878
-0.618586
0.179897
-0.312348
-0.247412
0.699720
-1.412155
0.957469
1.297585
0.552183
1.958829
0.145468
0.178681
0.305221
-0.005383
-0.408057
-0.542469
1.844020
1.024969
-0.595237
-0.474170
0.220650
-0.045645
-0.312728
0.144202
-2.061569
-1.750637
-0.315712
0.107351
-0.296339
2.139295
-0.193317
-1.151125
0.130635
-0.792008
0.800801
-1.298534
-0.309096
0.918412
-0.582564
0.302775
-0.908056
0.194063
-0.120432
-0.270525
0.437743
2.019115
0.105204
-0.040805
0.462941
0.795800
-0.804625
0.238731
0.254773
-0.637357
-1.689321
1.335908
-0.565784
-1.356126
0.591747
-2.264475
-1.825993
-0.272815
0.567016
-1.836348
0.412018
1.214555
-0.792453
0.870529
-0.528340
0.715627
-1.842009
-0.763745
-1.445162
-0.082327
-0.924879
-1.377555
0.058424
0.295520
0.218978
0.008786
1.207926
1.771006
-0.334255
-1.580349
1.042206
1.381360
0.162576
0.250669
0.332332
1.116224
0.692606
0.970580
0.017429
-1.228556
-0.388520
0.464148
0.301017
-0.667572
0.721136
-0.477643
1.043330
2.478193
-0.479724
0.072229
1.689558
-0.184229
-1.884183
0.888135
-1.596387
0.375208
-1.854198
0.192426
1.226268
0.918223
0.184686
-0.795591
0.837762
0.380494
0.304106
-0.591361
-1.315089
0.643221
0.619464
-1.056939
1.837631
0.631510
0.135772
1.213278
0.915221
-1.140552
-1.142113
0.612890
1.290808
-0.062342
1.287892
-1.746296
0.929157
1.035170
0.295132
0.444598
-0.477619
0.277286
0.472758
1.198336
-1.920498
-0.535793
0.342734
1.057628
-0.781013
-0.431934
-0.698670
-0.767670
0.328929
-0.152896
-0.257704
-0.032401
-0.232975
-1.014661
-0.356481
0.143450
-1.735346
0.134900
0.358038
-1.448482
0.760236
-0.620893
-1.585563
-0.249506
2.451351
-1.155316
-0.747663
1.384453
0.543705
1.354963
-0.603989
-0.426409
0.841304
-0.885254
0.114322
-0.046627
0.168471
0.081031
0.364311
-0.648375
0.336580
-1.869680
0.599213
0.369682
-0.062976
-0.813393
-0.753713
-1.411635
0.294439
-1.665812
-1.192067
-2.093752
-0.834241
-0.397783
0.620835
-0.335866
-0.979634
-0.581868
0.242475
-0.239214
0.845110
-0.326785
-0.866197
0.037785
-0.191363
0.731365
0.607853
0.418238
0.381180
-0.717665
-0.386392
0.624505
-1.612060
0.993076
0.873811
1.032962
-2.053119
-0.787002
1.891982
0.458601
1.664231
2.677450
-0.104855
-0.276279
-0.622194
-0.013660
1.546892
-2.071974
-0.353720
1.106179
0.486738
0.389889
0.774970
-0.156239
-0.967578
-0.439998
0.387759
0.772558
0.736261
0.207943
0.111586
-2.360220
1.903421
-1.184565
-1.004913
0.430894
1.153396
0.570754
-0.227461
0.146058
-0.523193
-0.980794
-0.766578
-0.429482
0.434710
0.380653
-0.743248
-0.699349
-1.862164
-0.092589
-0.199533
-1.294422
-1.681245
0.208711
0.136701
-0.026624
0.262121
-0.448419
-1.652740
0.778188
-0.577789
-1.264398
0.331836
0.290169
-0.095280
0.604462
-0.904077
0.695327
-0.646825
1.629898
-0.099655
0.012184
-0.107995
-0.737008
-1.226737
0.698352
0.559194
0.956711
-2.038118
1.153990
0.694711
0.375572
0.088449
0.009725
0.831100
0.535729
0.827261
1.865370
0.683445
-0.541133
0.662114
-1.407584
-0.931550
-0.878323
-0.392783
2.556624
-0.748800
1.759977
0.317206
-0.315723
1.312265
-1.012968
0.445260
0.817614
-0.576593
1.651103
-0.852968
-0.510080
0.549375
-0.464676
1.283934
0.362380
-0.005362
0.737389
-0.476946
0.844874
-0.366874
-1.347034
1.143531
0.794764
0.772709
0.939987
0.432423
-1.524984
1.576526
-1.192887
-0.416569
0.276391
0.634296
-1.253723
1.490341
-0.009889
-1.053074
0.642744
2.708482
0.017424
1.034478
-0.182601
