8.420713336971834e-38 1
1.1802982646403844e-27 2
8.354137654087944e-21 3
1.119786471562216e-11 4
1.631304310975664e-10 5
6.362965898846438e-16 6
3.0875113781036952e-09 7
9.727273848497673e-24 8
4.4069987820802045e-14 9
1.2444681166383235e-17 10
3.4178332457824255e-20 11
2.5612288177837966e-23 12
3.2794030483722723e-16 13
9.003824427510043e-19 14
1.4725609328148696e-45 15
2.5986514545861075e-16 16
4.0735237988270017e-41 17
2.2343760227850902e-29 18
2.9106027923481706e-28 19
3.060224952564647e-26 20
8.486317994254912e-38 1
3.805709637389068e-28 2
1.7863692874185232e-22 3
1.519721937078771e-10 4
4.669437579275606e-21 5
9.787284256430646e-25 6
0.0005262856132858893 7
1.2416440716085267e-21 8
8.72321357588629e-25 9
3.6814086651798406e-23 10
7.754688955225414e-28 11
1.065869311239837e-22 12
7.332674539412518e-41 13
5.190923754291445e-23 14
6.712023296567476e-18 15
2.027025325484382e-19 16
1.6149994516621805e-26 17
6.216109407320111e-28 18
6.986951822519032e-18 19
2.0712521568696634e-32 20
8.971988241187482e-38 1
1.0048895232641084e-27 2
1.9426405287305748e-20 3
1.5774425121827703e-09 4
2.4046449268033514e-13 5
1.266921685683011e-13 6
1.7206952792786686e-23 7
2.970557570024188e-16 8
1.866097343285577e-27 9
1.6584459505556168e-07 10
2.4502623235891193e-28 11
1.154303256303065e-31 12
7.360014315555058e-15 13
4.768746878709159e-17 14
3.502854152371053e-21 15
6.272390867801681e-14 16
3.594690729560779e-57 17
2.1165613485072372e-24 18
1.3857632065590939e-35 19
7.152067548878005e-21 20
8.186270071968148e-38 1
8.808794625682917e-28 2
2.209724233115651e-20 3
4.1473905343790693e-10 4
1.244643592014107e-13 5
1.5126636793957542e-13 6
1.1804068674402529e-14 7
5.122050200667277e-27 8
4.401608701916116e-17 9
1.8322682741422448e-25 10
3.6471750799974774e-26 11
1.6718504706395366e-27 12
4.788603025639726e-15 13
7.885016587030328e-24 14
1.7443264611695986e-20 15
1.9438323788270428e-16 16
3.3706413225212854e-37 17
8.827169732471435e-37 18
1.72726376382488e-11 19
6.910420931099015e-50 20
8.345983912105633e-38 1
5.730339913411437e-28 2
3.8751623313050584e-21 3
2.5826716714248744e-09 4
2.2512657307128897e-10 5
1.329157510834349e-18 6
1.4697336723446338e-13 7
1.7586516368096733e-24 8
1.8036514767678668e-16 9
2.181822265585057e-29 10
1.070388800872818e-27 11
5.5360059444999396e-27 12
1.448587963708831e-22 13
2.141073401150464e-15 14
8.18327026939912e-40 15
1.530565781752485e-32 16
5.3954676399383165e-14 17
1.3066488501698212e-40 18
5.400068552057979e-41 19
4.472479583284017e-47 20
8.264408040147837e-38 1
7.037531014161748e-28 2
9.481505166629904e-20 3
1.96655372266029e-13 4
1.3667632318665437e-08 5
1.1409512883181756e-12 6
1.1078130855004797e-17 7
3.470174498394248e-21 8
3.129362802895761e-08 9
2.6396187725164815e-31 10
2.8890736399767865e-24 11
1.5611823439827645e-32 12
2.0779648423598664e-39 13
1.962985740660883e-22 14
6.404574432100675e-22 15
9.126162720640522e-27 16
1.6840256595210881e-37 17
6.147449136650531e-33 18
1.5176851278764498e-40 19
4.7181896039887576e-26 20
8.324348531094991e-38 1
5.850039813416908e-28 2
1.682095491382803e-20 3
1.9579595728784554e-10 4
2.170284253729152e-08 5
4.196437648084937e-15 6
1.1479356002334675e-13 7
6.179238590830644e-26 8
2.50938186422426e-19 9
3.077943634895652e-26 10
3.358473835619258e-26 11
2.309765764643116e-17 12
3.8964497631072994e-23 13
6.301598078207633e-28 14
1.4823975823777563e-40 15
1.3053978650146536e-40 16
3.3812926390939017e-23 17
1.9414374934091363e-30 18
1.888957846636779e-12 19
2.3459117166621776e-41 20
8.03644457487993e-38 1
1.1808169751678218e-27 2
8.475510919111316e-22 3
5.655426088738651e-13 4
1.7268866796729581e-09 5
7.187225641656395e-16 6
1.107915877876065e-08 7
3.559161769209975e-14 8
1.0219724746310473e-19 9
2.0508773111707179e-19 10
3.957055632389991e-32 11
6.626265574640017e-31 12
1.466760836036909e-24 13
4.3193804004971716e-47 14
4.5812357056645006e-26 15
4.118698137468865e-18 16
2.2941731668297722e-20 17
1.0708281747916138e-39 18
2.84597530687469e-47 19
9.994385845472139e-12 20
7.701554474126202e-38 1
6.266699264556793e-28 2
4.07911572554729e-20 3
6.123822534333553e-10 4
2.1891899655238677e-18 5
1.9016084578902207e-16 6
5.0772979911700367e-23 7
3.0900832230189327e-11 8
6.453192992090218e-06 9
8.106127642355013e-33 10
2.848361219557499e-21 11
4.969826775727297e-34 12
4.059943259931239e-28 13
8.886380642662987e-22 14
1.4864894502358795e-27 15
9.601543408244378e-22 16
7.169168412721441e-24 17
6.415951882128787e-51 18
1.9221631200760506e-22 19
1.0945125127348462e-30 20
8.321424007180332e-38 1
1.2249913473019426e-27 2
4.376060621788506e-22 3
1.359230206529283e-15 4
4.415366924584476e-11 5
2.598731940547521e-12 6
2.667975380597441e-17 7
2.226290011341394e-14 8
1.575095843882763e-14 9
9.348989052564837e-11 10
1.9590489497564507e-32 11
5.0241781178333114e-34 12
1.2845366592433078e-24 13
3.718722905668419e-38 14
6.972495036308431e-15 15
3.3374676205684714e-18 16
8.354087926516654e-18 17
4.289179507082896e-25 18
7.628231418000088e-24 19
1.4162681825774715e-16 20
8.405845450097029e-38 1
8.044518564980767e-28 2
9.825100213667303e-20 3
5.076374105266134e-06 4
2.66875022847329e-08 5
1.0948396744987306e-17 6
3.5118858323154566e-10 7
8.020635213757567e-18 8
4.74221371856255e-21 9
9.824071913291017e-27 10
2.4500764633178414e-31 11
1.448359005002168e-19 12
1.3169179011410671e-20 13
1.950534681545752e-27 14
6.249183875085713e-27 15
2.7179638458054015e-20 16
1.8499027248686374e-44 17
6.614859224511406e-25 18
1.5704401664462423e-10 19
9.665750213812922e-26 20
8.099016527922968e-38 1
7.670590127336103e-28 2
8.332668749405855e-20 3
4.2695501851733346e-07 4
1.5503684306497018e-11 5
2.100664551973354e-09 6
1.7673946763395506e-15 7
8.4486715599534e-10 8
2.8221917983410734e-08 9
5.077218380815418e-23 10
1.6882772186862763e-28 11
2.5086335741230756e-23 12
3.0675937010321755e-18 13
3.2583643553910916e-16 14
7.113661205114066e-34 15
9.416827411795815e-18 16
2.555074622674657e-36 17
2.159171229170998e-08 18
8.841558843466761e-46 19
6.981888848847748e-56 20
7.687217025466407e-38 1
1.019384410915098e-27 2
5.3191486887105737e-20 3
4.170954121207926e-15 4
3.445901485589292e-16 5
1.0544785050816197e-15 6
8.39582910546769e-27 7
9.491518367648015e-17 8
2.0487755517870148e-24 9
1.2420313950828446e-23 10
1.7481124072896953e-41 11
9.766291933364054e-22 12
7.189954241410497e-32 13
2.613770921851598e-24 14
1.2675600664538563e-29 15
2.9448990501949074e-33 16
3.7982715876162737e-35 17
2.5318049552828e-25 18
3.860413477276152e-35 19
1.7812794591272185e-36 20
8.021838243721142e-38 1
6.815768800267183e-28 2
1.344974522131532e-20 3
3.9456258773999824e-05 4
4.803119399237171e-20 5
1.5779341085810974e-08 6
1.0054512939697847e-22 7
3.7129393336790336e-08 8
3.70813205783757e-13 9
2.0143075298746795e-09 10
1.3855419901879287e-22 11
2.9837580975384863e-25 12
4.4634441274898156e-26 13
2.468575086205109e-21 14
8.09128942497716e-30 15
5.25825621780901e-28 16
3.1465554303434073e-35 17
3.411494461818364e-15 18
2.3426478650239826e-38 19
5.1552187831958875e-45 20
8.870824339776246e-38 1
1.0231367400562502e-27 2
3.712229722674841e-21 3
5.318791613369102e-08 4
7.778687770931638e-19 5
1.366797286792847e-11 6
2.4692737219983977e-11 7
4.1088035394660064e-26 8
6.314467235357771e-26 9
5.743552537687041e-29 10
1.0339308147800809e-16 11
3.1979956105209865e-15 12
9.163222110852274e-26 13
5.772235617120111e-28 14
6.993910756437213e-33 15
1.2627141256217606e-15 16
1.502778548725699e-20 17
8.795965197855124e-17 18
2.541236750399385e-21 19
4.554291734283265e-26 20
8.496441335779927e-38 1
6.676329309517331e-28 2
1.1426690398316103e-21 3
7.527468928545127e-11 4
9.907967248511975e-15 5
2.456170329599847e-13 6
6.959072104942051e-09 7
3.961419857293769e-15 8
1.9372096991504452e-26 9
8.16896149452386e-39 10
3.1652057348953353e-19 11
5.402107825368621e-31 12
1.7085756710540355e-28 13
3.899719204321573e-26 14
1.7170413080243607e-32 15
1.0035154055320214e-09 16
1.3112731019458067e-34 17
6.557510223611798e-22 18
6.963123873878385e-18 19
3.86300437847537e-36 20
8.184658450591592e-38 1
7.74570523947817e-28 2
3.7567857917416204e-22 3
4.911148339666529e-08 4
2.2527402997054406e-12 5
5.572145498948002e-19 6
8.019535900105228e-12 7
2.7052591405443207e-17 8
2.3009262194287846e-34 9
1.687298914320698e-29 10
1.1160197966265865e-19 11
1.6219316502326825e-17 12
1.9444251586252895e-10 13
2.063199835872577e-15 14
2.1563216991930242e-32 15
4.1376599811736383e-26 16
1.2795319738991619e-24 17
6.500048210688435e-32 18
9.166803325313289e-46 19
5.833078994870228e-29 20
8.744486702687286e-38 1
1.3457342238161264e-27 2
3.1988000211750935e-20 3
1.607913031004693e-12 4
1.0451977257791346e-10 5
1.9225465721651217e-25 6
7.59418986290168e-14 7
9.27973485306926e-19 8
3.099639425018604e-10 9
1.6721573556988934e-35 10
1.0168877782516222e-23 11
5.626711895091866e-16 12
2.1903328044522593e-30 13
1.5914928929068183e-31 14
3.6685623769377053e-26 15
1.0653294433347396e-38 16
1.2984910209563612e-17 17
1.847683920026941e-27 18
3.8680045317776494e-20 19
1.48585681874058e-40 20
8.306988110427627e-38 1
8.584019075137514e-28 2
5.22605573887103e-20 3
6.974848656772919e-08 4
7.14472034425628e-21 5
3.5245602755385266e-16 6
6.816436335213393e-17 7
4.096454824550197e-24 8
1.2101499444799087e-27 9
5.399567996210519e-28 10
2.1965240011055018e-11 11
1.334299224762219e-24 12
5.022867597785562e-21 13
5.644384816197176e-19 14
4.221129766436448e-26 15
1.7584409354688553e-39 16
2.252485010977516e-42 17
2.118554290166135e-12 18
2.3627016346853145e-33 19
2.372035863532502e-55 20
8.469764241148808e-38 1
9.769573154898927e-28 2
8.695973205084106e-20 3
3.5781076425099584e-10 4
5.985037523225259e-13 5
3.3201299108592184e-13 6
5.781836782731318e-12 7
2.1384525785181153e-11 8
1.84594277164142e-26 9
2.5458727503208664e-23 10
1.3794595630626537e-10 11
1.4209230837079375e-20 12
3.2144268309528477e-09 13
4.383247253147832e-28 14
3.0225755648126744e-43 15
3.33140941919185e-10 16
2.0109486387191932e-41 17
1.1191008066304191e-15 18
4.656687486407134e-20 19
3.809924871914877e-35 20
8.73431718729402e-38 1
7.040875381294588e-28 2
4.240464744082002e-21 3
2.916863756746068e-05 4
2.948244586781983e-13 5
5.5090190200495784e-24 6
9.230799566888826e-09 7
2.751023049470067e-20 8
1.9693208487425995e-23 9
7.095444516850649e-25 10
4.276451746607219e-22 11
4.2979250185145637e-16 12
8.663873760186961e-22 13
2.7799269808713316e-32 14
1.2455169665979533e-42 15
2.1354222907030982e-31 16
3.9901568280454016e-30 17
1.3671891324242253e-21 18
4.0305850196767644e-25 19
1.1302757599684336e-42 20
8.37273882749767e-38 1
6.183969408816871e-28 2
1.1616598392784998e-19 3
3.960920714615336e-13 4
3.791525652806457e-12 5
9.559095661499224e-18 6
7.84377622497078e-14 7
3.3380899965292626e-21 8
3.823724469762929e-20 9
3.591620942124904e-14 10
1.390026930490123e-24 11
1.667198978036664e-11 12
2.6840626846561567e-30 13
7.995028027956895e-25 14
1.3804621680862126e-24 15
2.8741355217386586e-31 16
1.6111516836838437e-38 17
1.5286600603814917e-16 18
1.4206279747529719e-44 19
1.1999057445984076e-22 20
8.735274896129254e-38 1
1.1852362688351447e-27 2
1.5709319693714125e-21 3
4.123033229600944e-10 4
2.0307623844043677e-12 5
6.289714113499611e-15 6
2.0941923611872195e-23 7
4.980113105707907e-21 8
4.1108220909331444e-25 9
1.2492229327877902e-18 10
3.19205740224214e-23 11
6.053409608593548e-22 12
1.7499994411833874e-23 13
1.1496138555886846e-09 14
2.690098064420669e-33 15
3.543336998323124e-14 16
2.8075464507544565e-29 17
2.6817773046982676e-29 18
2.809368657466925e-25 19
4.3240447610088395e-44 20
7.945467973883674e-38 1
1.2020132455912353e-27 2
7.368202245778998e-21 3
4.419408631458267e-07 4
5.953797937805269e-09 5
1.1998161933782746e-08 6
1.4486908129967437e-19 7
1.267548781160431e-27 8
6.102134095368726e-31 9
1.0948306980254438e-14 10
2.8876062797909062e-11 11
8.221050753001935e-19 12
3.145597930748005e-28 13
5.954056343118644e-39 14
3.9161363903284577e-31 15
7.164817174583043e-37 16
2.7866502328518856e-15 17
3.4614066912114493e-38 18
1.4535435325511798e-39 19
1.5193962190922007e-41 20
8.082423798641233e-38 1
5.9552632652021945e-28 2
2.0764841544573796e-20 3
2.824121184197842e-07 4
1.6385688485816202e-13 5
1.3690863781105688e-09 6
5.685995775036905e-17 7
2.8102963705622424e-12 8
1.3644953048592893e-29 9
1.3570571630147127e-17 10
1.4040250676335706e-17 11
3.393581734607608e-34 12
3.6221909037235356e-27 13
3.966325360461107e-24 14
2.550353899469512e-22 15
1.4271713451821437e-21 16
1.6347173698678987e-29 17
3.741891739790735e-35 18
1.0244196344843747e-31 19
3.320396557783953e-23 20
8.425976483114116e-38 1
1.165669627805072e-27 2
4.781952556259318e-20 3
3.5295372505311117e-06 4
1.4760082520452652e-10 5
3.064315882045047e-11 6
2.3790217866567e-12 7
5.498172601883457e-24 8
1.45296376217115e-15 9
6.811855455764533e-28 10
8.502942988200573e-19 11
1.1509797021519613e-21 12
4.559695301323647e-16 13
5.904624821673811e-16 14
1.4500744239171089e-28 15
5.643782439877188e-21 16
2.575213498189753e-42 17
6.110568981680051e-34 18
1.5637688827928832e-29 19
1.6847926510072861e-12 20
8.188559156362155e-38 1
8.84758012276033e-28 2
5.9559914794024e-20 3
5.619229547360558e-10 4
2.5739999672736655e-19 5
3.6290977242464446e-20 6
2.5256389105532322e-24 7
3.4502947282318154e-21 8
2.747943736627243e-36 9
1.3855444731522696e-25 10
9.523615825116154e-14 11
1.0439211190996782e-63 12
3.272518026473282e-22 13
1.2341305168480188e-23 14
2.808027865665345e-10 15
1.1918440496715083e-23 16
1.791753330516646e-29 17
1.0236059919051775e-27 18
1.2813207631117752e-35 19
1.2928292873231498e-22 20
8.1065555105589e-38 1
8.041673521999825e-28 2
1.2763463185916849e-21 3
1.615019304749333e-09 4
4.937397813890769e-09 5
5.184747218910937e-19 6
5.985845577431794e-09 7
2.8839551386076283e-18 8
4.1028211488696635e-20 9
5.851111548474499e-20 10
5.536046211811305e-18 11
4.855349702961877e-27 12
2.7166533971496277e-14 13
2.826521168164829e-37 14
7.37541244930815e-31 15
1.4160478684899153e-31 16
3.0974094046086254e-32 17
6.023088611110221e-35 18
4.140648607691178e-27 19
5.0155317157361785e-31 20
8.524899522529367e-38 1
5.393111920776521e-28 2
3.3461930474796854e-21 3
2.3818744111921566e-11 4
2.6171310374947158e-12 5
4.845991518214063e-20 6
1.1377320988289548e-09 7
8.303649347254859e-13 8
5.443358287959435e-24 9
2.6211871062978735e-26 10
6.193524976172895e-23 11
1.334226734164755e-31 12
2.4617111577643857e-41 13
9.526927253185107e-32 14
1.3137828210406078e-56 15
1.0494246081653635e-33 16
1.9437093022164777e-26 17
9.198923461821854e-44 18
3.288279843516773e-23 19
3.825357564936939e-48 20
8.714040407884898e-38 1
7.684358853448203e-28 2
4.434578550072303e-20 3
1.6690284717004732e-14 4
4.849553734733926e-16 5
2.4034159698115034e-10 6
1.0985691004786628e-19 7
1.2079843322112092e-26 8
1.1019381406309579e-09 9
2.917623877199588e-19 10
4.1338217993506756e-27 11
2.60324754917733e-21 12
3.6085647296906193e-14 13
3.7443449229485366e-45 14
9.524176559923761e-21 15
2.774962254002486e-23 16
2.56169697901188e-30 17
5.787731360278897e-37 18
2.1360224896840004e-30 19
6.41873370752961e-32 20
8.316839613436713e-38 1
8.134362677196868e-28 2
1.4033611471150211e-19 3
2.3954771379840064e-11 4
1.2338533220343467e-16 5
4.533848780287625e-15 6
3.3641078841878946e-30 7
7.822755774189214e-30 8
6.298738554166648e-09 9
1.9849320278403747e-33 10
2.482352934909995e-20 11
3.216051306400847e-18 12
8.135012747899463e-24 13
1.590545760785882e-34 14
2.7109991964805683e-43 15
1.3554579573172012e-35 16
1.0318990009797074e-13 17
1.0917064778222649e-32 18
2.466269755742282e-22 19
3.4307720256843137e-47 20
8.720430266809677e-38 1
1.1462819433559501e-27 2
1.6681452984954662e-20 3
6.16967342190362e-05 4
2.9211444198330254e-14 5
3.873822983111395e-08 6
2.5288919669687335e-12 7
1.9817172110087444e-14 8
1.419560845477452e-23 9
3.002631238245568e-32 10
1.7010610057678427e-19 11
2.6989616735228013e-42 12
6.303873072220097e-30 13
7.48340771796206e-33 14
1.9043439567851746e-37 15
1.820913021232621e-48 16
1.0146517141459778e-32 17
3.8813963503317777e-32 18
1.978127166071747e-18 19
3.5540942386257135e-28 20
8.486747658137366e-38 1
8.185758365483769e-28 2
4.146075546946841e-21 3
1.2836256624898806e-15 4
3.1623200335524322e-12 5
6.383292219473614e-13 6
4.771492703034065e-12 7
3.6053047659509793e-12 8
3.7579370003449335e-26 9
7.685405160121373e-11 10
1.4572936117306703e-15 11
4.736689432996985e-19 12
2.3237380124354483e-14 13
1.9860818160924404e-19 14
1.4851304210883988e-39 15
1.5286268588853732e-32 16
1.7390171101413975e-32 17
1.596233162652136e-53 18
7.040059812565265e-31 19
1.3295723216662376e-38 20
8.276034079254463e-38 1
6.804194486805173e-28 2
7.410423341016199e-21 3
1.1074880955392431e-09 4
1.160342948517465e-10 5
1.5433299699750738e-17 6
5.439457338275785e-12 7
0.0002109666712470174 8
1.7538047327282712e-38 9
1.5581946645746547e-21 10
5.901942269229577e-16 11
1.532240317460859e-25 12
3.3581125147583747e-16 13
1.89273643611114e-20 14
1.2210756877806406e-38 15
1.0862727854051557e-14 16
1.4882003209255764e-30 17
9.563096002316496e-19 18
2.5512315627059836e-12 19
4.14241912634481e-38 20
8.289196836749421e-38 1
8.111726351643637e-28 2
8.055339615325184e-20 3
1.4202946373059167e-12 4
5.0053774084466294e-09 5
2.0924101812133648e-17 6
1.1993674578935343e-08 7
8.188519918391683e-20 8
8.218999813867521e-07 9
1.524963981213402e-29 10
1.5367757407939332e-26 11
1.6736297440103675e-27 12
2.0712073310287267e-35 13
3.2841142119714917e-29 14
1.589426847278769e-41 15
4.629532957295128e-13 16
9.725985537826098e-31 17
1.0716274395921326e-18 18
1.4186677223151721e-32 19
7.040451486154587e-34 20
8.396954414736572e-38 1
9.132802534100513e-28 2
2.0283579407693436e-19 3
2.3401059107238327e-07 4
3.086139300820121e-10 5
8.037142081572892e-24 6
1.4462492212642655e-17 7
6.575078906588677e-14 8
6.801716204645183e-25 9
9.709122820363197e-32 10
1.7890793173132752e-13 11
1.731220004720501e-20 12
2.4348138966828296e-27 13
2.349886421081835e-40 14
1.8210183565070173e-39 15
7.855544404772642e-30 16
5.412495447502015e-23 17
4.7178147605959686e-14 18
1.397544945866753e-29 19
3.5195167484732984e-22 20
7.979585116701069e-38 1
7.322100759579525e-28 2
2.819806848786926e-20 3
6.404802340137345e-12 4
1.2039275269625369e-10 5
2.2687532255820594e-14 6
1.321371400731312e-07 7
2.570094566516272e-25 8
1.514215381822554e-16 9
5.432632586879324e-21 10
1.3194059633878686e-07 11
5.780397394019021e-28 12
2.3255153961409e-13 13
1.4047338072799791e-42 14
2.069435112449906e-34 15
9.633847146932e-32 16
1.0509834472196153e-39 17
2.9189137740374944e-32 18
2.721213023503008e-40 19
1.6079672593811502e-19 20
8.221358504834203e-38 1
9.065343328362514e-28 2
4.053978576952078e-21 3
3.103926756957634e-08 4
9.633199504033638e-13 5
3.9350081238883545e-07 6
9.770996579400481e-10 7
4.181997089329939e-22 8
1.604298800278417e-30 9
1.1403294131561176e-27 10
1.0950271108140408e-24 11
1.1744729587491717e-24 12
4.653533145255739e-31 13
6.691074256689796e-17 14
1.843022885698803e-14 15
2.6037395767576856e-40 16
3.1782806164070867e-29 17
7.125737372159053e-17 18
4.635646986776469e-27 19
2.911819474538318e-42 20
8.476199403313835e-38 1
4.9467173480809615e-28 2
3.692858863150977e-21 3
2.151202468892363e-12 4
1.4306019925843565e-13 5
3.574671911906412e-13 6
2.997759173310503e-24 7
5.659942076899231e-16 8
1.0725236206944045e-25 9
2.072850045673892e-15 10
1.16724039015207e-27 11
2.1506367520150056e-29 12
4.466421996557374e-19 13
1.1637493635633819e-41 14
2.1092800639321715e-20 15
6.7485756577929e-29 16
4.67020665021751e-21 17
1.0341874079641917e-48 18
3.215440781565916e-28 19
4.894492477421296e-35 20
8.46807441914043e-38 1
1.1089463050455089e-27 2
1.7116872007772465e-19 3
7.389307703082413e-09 4
9.271067292215674e-10 5
3.3785403927383167e-16 6
6.090994039460221e-14 7
7.600864598371724e-14 8
5.747288100699132e-20 9
5.6658000919460606e-18 10
4.930493474501137e-21 11
3.226022579903302e-38 12
4.454109435768373e-21 13
5.043863727292687e-31 14
2.6521330314384246e-12 15
5.575589193409905e-27 16
1.4724839227858148e-32 17
9.973419613669222e-32 18
7.024337057866574e-13 19
3.186187794994627e-22 20
7.927996095342209e-38 1
7.587066486671159e-28 2
2.3298331835999023e-22 3
7.5270513845644e-09 4
1.3612895996634393e-10 5
4.7974341347899426e-17 6
9.681295993396387e-22 7
6.565575836222672e-17 8
2.292892307039968e-27 9
9.093489505755377e-10 10
2.195794577646477e-32 11
9.15274318603372e-13 12
2.497029569699893e-19 13
2.1191249442052505e-20 14
3.6631511654557654e-30 15
9.91040750387118e-25 16
7.097360263977708e-30 17
2.220581624058649e-37 18
7.094686884214516e-12 19
5.075226315135661e-26 20
8.613567165021301e-38 1
1.2186405005492391e-27 2
8.697253777580223e-21 3
2.4874420223807608e-08 4
7.334682080333136e-10 5
7.644593495170762e-15 6
7.146100637970583e-19 7
2.7568595939035946e-28 8
1.3518362566737691e-14 9
2.4400130119480195e-27 10
3.648660043907178e-18 11
6.4753434711984484e-24 12
6.942954913878893e-26 13
1.8635123625295561e-31 14
1.0664552813654238e-36 15
9.459714525824286e-25 16
2.4575391070834356e-46 17
5.565964885862077e-23 18
6.663907521080779e-24 19
8.446955751570892e-51 20
8.391625042413822e-38 1
9.701380423167335e-28 2
2.1169676967357448e-19 3
4.364054556262089e-12 4
7.02182873454185e-07 5
2.961214656645523e-20 6
3.6331987326719063e-16 7
2.645867914534672e-16 8
2.837054456817246e-20 9
6.584068908653885e-26 10
2.147527839768516e-29 11
4.981647701966116e-34 12
6.192425710023972e-36 13
7.31380167562276e-31 14
5.035795933200417e-37 15
2.024495422741326e-37 16
3.644266442991241e-41 17
1.846416223066574e-24 18
1.3089684898555885e-32 19
2.3486084883778285e-49 20
8.614559358177577e-38 1
8.445522490095828e-28 2
2.2857990661678427e-19 3
2.3090000417641972e-12 4
6.992594619292208e-11 5
3.8701539613067306e-14 6
1.5935180717185265e-06 7
3.443787227085499e-21 8
1.3158278226189495e-19 9
2.7388809851098293e-17 10
1.7081431232085324e-30 11
6.1895531241501325e-15 12
4.396841425722727e-31 13
8.59949564797711e-30 14
3.775340571665135e-29 15
8.661122205945198e-25 16
2.190029664973336e-22 17
2.6305456427695002e-39 18
4.2254096247128717e-35 19
5.0479055912925424e-29 20
8.160962397132698e-38 1
9.552360113019347e-28 2
2.0756143287968649e-19 3
3.0229498189777873e-15 4
8.71202560039495e-12 5
3.867023530073589e-12 6
1.4900467276457245e-12 7
6.835005738959824e-12 8
1.1825277593735763e-16 9
3.193130194514534e-19 10
5.26723291988664e-32 11
2.698350994872554e-37 12
1.2173353578894552e-20 13
1.7980423046430538e-36 14
1.3208160532659369e-21 15
9.802559554439193e-36 16
1.922767327455593e-42 17
1.2329618676314178e-17 18
2.260884123919911e-17 19
1.1447807712956017e-22 20
8.209566463368133e-38 1
1.087308038108614e-27 2
9.505377659362907e-21 3
2.986997014326551e-05 4
2.9404627355711502e-15 5
8.010475487786029e-16 6
3.3954876726284874e-10 7
2.0627061858167224e-25 8
2.3722970173707393e-15 9
1.131844875187014e-21 10
5.776200670206385e-17 11
6.746193902994683e-19 12
1.5728299779451988e-33 13
4.520880404145491e-37 14
6.489860650096358e-28 15
1.0434143145574898e-41 16
1.2174440720882825e-36 17
7.825814759577165e-41 18
1.683852779039889e-45 19
4.1966999213901525e-59 20
7.705280636972745e-38 1
5.293185154612505e-28 2
2.090159787414871e-19 3
6.135539576060993e-10 4
1.9823240203458112e-16 5
5.757221799925872e-13 6
5.660466691299011e-14 7
3.7142329487027315e-10 8
5.144956731474498e-29 9
7.064813421668159e-20 10
1.7728841626302967e-11 11
5.087558129213721e-21 12
2.576832432154009e-30 13
7.908442090463998e-36 14
4.663976582286413e-51 15
3.801280291334152e-45 16
3.5728676352785765e-27 17
2.5076446629129705e-29 18
1.0014608187651367e-35 19
1.5202297597938425e-40 20
8.579459151870611e-38 1
8.290228020446676e-28 2
3.3274681204473566e-20 3
4.4010738780700786e-12 4
7.837653151460684e-12 5
7.511342766539845e-08 6
4.061876366514493e-26 7
2.29119412243526e-16 8
2.9438016937547414e-22 9
6.463994089104344e-34 10
8.673600040806226e-21 11
1.4726110676401514e-11 12
1.6789413757753602e-29 13
2.7822791645541626e-13 14
4.52630209904666e-28 15
3.3018594545916606e-23 16
1.8583570692141832e-29 17
8.07849317993313e-32 18
1.4674980805748014e-24 19
1.6834218280654716e-42 20
8.193606528091245e-38 1
9.67016046084798e-28 2
1.2790181105595775e-20 3
2.1983047928566746e-15 4
2.2351519986007887e-09 5
9.374395254989867e-19 6
1.5765616415471463e-23 7
2.2923954962109046e-12 8
3.917878431062965e-11 9
1.359466381841122e-24 10
4.173359846298552e-28 11
1.2162370279239388e-13 12
1.0243831983133715e-36 13
1.582562874981431e-25 14
1.4090993763102732e-28 15
9.710068753601782e-26 16
5.678803282135583e-29 17
7.189287240843227e-15 18
3.750553125549464e-13 19
8.47396349230198e-27 20
8.422936037353815e-38 1
8.044433182742478e-28 2
1.6641612608629518e-20 3
2.932207607898464e-14 4
5.621420285501339e-22 5
3.8535871893445564e-22 6
1.531639171399303e-21 7
1.362997365218254e-16 8
5.6779269577504046e-21 9
8.24512035682823e-10 10
1.0410761500036483e-07 11
4.491947555116673e-27 12
4.84932983848405e-27 13
2.635573567843366e-22 14
1.1189442263398784e-30 15
4.7798872399089064e-21 16
1.7281375989253486e-16 17
1.3436279239434307e-41 18
2.3609277175804104e-27 19
4.21691234551502e-38 20
8.572285294177203e-38 1
4.651549612406312e-28 2
5.087922640734792e-20 3
2.155216138733259e-07 4
2.372306830280762e-08 5
4.885321608138396e-14 6
8.418358028951504e-23 7
2.921658226577043e-20 8
1.0990996208764357e-18 9
2.4203055658986243e-22 10
1.0047598619143805e-20 11
5.312844908519189e-16 12
1.3803404647628022e-28 13
1.2490209912712926e-42 14
3.5565887457088173e-19 15
8.039326231531799e-32 16
2.1500056394737238e-35 17
7.466713084512772e-30 18
1.5865193552524151e-31 19
1.940888635057301e-33 20
7.84993353708927e-38 1
1.0619322275586435e-27 2
1.1090496205246114e-21 3
1.583930195970433e-07 4
5.316110173537086e-08 5
2.1545564776757404e-14 6
1.4907082266935516e-05 7
2.5732888694771066e-20 8
8.629901690410401e-19 9
1.8215276215659028e-13 10
6.238741931754504e-33 11
5.382161027292659e-21 12
1.2170193895192923e-19 13
6.491997504882835e-26 14
4.218691885365688e-35 15
1.917629651097773e-41 16
3.5294792644722016e-40 17
7.418972284043376e-28 18
1.974937118441382e-38 19
6.923438427742952e-41 20
8.348138208529867e-38 1
1.3210512423358575e-27 2
7.654396144538343e-22 3
6.304463994987859e-10 4
1.1692229323738269e-12 5
8.435123769542097e-15 6
3.451334760584964e-16 7
4.877109731578691e-19 8
5.784046917613582e-07 9
4.1386303898095254e-22 10
2.5436823153278048e-37 11
3.65280395328235e-16 12
2.475998306326819e-37 13
1.6427086927183065e-38 14
1.350085819520072e-16 15
5.700677986343385e-20 16
1.88576386316755e-16 17
1.3866185787410422e-25 18
1.2532199471628815e-46 19
5.584754706747692e-20 20
8.035443906196748e-38 1
8.467387902957296e-28 2
1.9327545641229504e-20 3
1.1827020066476104e-10 4
2.3688383992814706e-07 5
2.178494206134878e-10 6
3.805387274924544e-16 7
7.683922395983926e-13 8
4.766994547997257e-09 9
8.049267059733426e-27 10
2.629461851337631e-20 11
1.4000556926197583e-25 12
1.3108064007927578e-44 13
2.8009719290864703e-33 14
2.1706843303843555e-21 15
5.7101787989142475e-30 16
1.278236416150114e-16 17
3.857467973939989e-20 18
1.0178610082872403e-22 19
2.4278911207732445e-26 20
7.725710284284455e-38 1
6.5607880469894535e-28 2
1.1720329295481502e-21 3
8.449326187250275e-09 4
9.662822926529692e-06 5
1.661510249092853e-13 6
1.17917749228347e-07 7
1.0743167627423725e-08 8
5.38937229680999e-10 9
3.8126125181721316e-31 10
8.775371460773567e-35 11
2.6687983386074494e-38 12
2.207369415501883e-28 13
1.9391417421241201e-28 14
8.351740243100186e-21 15
1.356623809255003e-25 16
3.616754635265686e-21 17
8.406824779335291e-29 18
4.1852963381536575e-17 19
1.4157946921847373e-30 20
8.663090636690753e-38 1
5.4748774958442975e-28 2
2.2551936945020348e-20 3
1.477758463128995e-07 4
3.3544467727617493e-06 5
1.0321307442014035e-07 6
3.371568059907991e-23 7
2.937541152301331e-08 8
3.507721019558798e-21 9
3.352683643848282e-24 10
3.3037375657815306e-22 11
6.573503512352105e-25 12
1.5190037408999384e-34 13
8.637924111575298e-21 14
1.907537862364044e-43 15
2.3241064019187883e-22 16
1.6339098510948452e-40 17
2.1700737995851473e-32 18
7.517502285317347e-12 19
8.409282685707459e-33 20
8.418662287417458e-38 1
7.66580963767248e-28 2
2.3794293759151454e-22 3
6.028257136946358e-10 4
6.62356954185727e-11 5
4.060749309119161e-18 6
2.3718047230333862e-07 7
1.0594739348445246e-12 8
1.2648203539929001e-24 9
2.8102422487983967e-44 10
7.819708082904155e-32 11
2.2288072666170314e-06 12
2.7194869505894505e-10 13
2.8797726447545833e-27 14
1.1747711320560994e-18 15
1.4731075930864118e-21 16
1.3478595529158822e-27 17
1.1289393448978747e-25 18
4.3103321402633765e-35 19
1.9961270692799428e-46 20
8.221715922997455e-38 1
8.43643708195232e-28 2
8.117205785264576e-22 3
2.8289890145937208e-09 4
7.940954634954312e-11 5
5.230014439393837e-16 6
1.2681384201441256e-16 7
7.725945946207013e-26 8
1.8389781960223608e-22 9
4.4095068469816764e-16 10
6.496867524649262e-18 11
3.4398824472621496e-12 12
2.783510004016023e-15 13
2.7768259190861794e-29 14
1.5548244855698062e-38 15
6.546394263058979e-42 16
4.2579456312623627e-16 17
1.7949530269121334e-20 18
5.518477877964534e-30 19
2.1837658759711963e-38 20
7.718982412989102e-38 1
8.655959888135492e-28 2
1.0913228582497503e-19 3
3.3858373959350346e-16 4
4.238538499707945e-14 5
9.558243626290377e-05 6
1.0455393461929725e-16 7
3.5654460203194575e-25 8
9.175873511779655e-36 9
3.181700253720806e-33 10
7.587707014893215e-14 11
3.810715307022034e-43 12
9.771176556515364e-12 13
3.3919099294267037e-20 14
1.5281571141280297e-11 15
1.2426770391606613e-19 16
6.806838197433214e-23 17
9.172784268688841e-15 18
1.682944712345837e-25 19
1.808754210134603e-15 20
8.411753469337539e-38 1
8.254803207258271e-28 2
6.258967630791716e-20 3
5.87106580901855e-06 4
3.8979894319048223e-17 5
5.0753885749335045e-11 6
6.946030763048484e-27 7
7.350881062367417e-23 8
6.554929634987092e-14 9
9.725940693875612e-36 10
6.496915468024648e-25 11
9.988798746442133e-30 12
9.549640800673543e-24 13
1.4143010604554366e-18 14
1.0578349458790143e-09 15
3.999240309058059e-07 16
2.8604302059274877e-27 17
1.464326039352385e-35 18
3.270045187834333e-37 19
7.799523987468158e-27 20
8.144427794487194e-38 1
1.057208003133068e-27 2
8.992771218529841e-20 3
2.5711952238277088e-11 4
4.508746732890527e-15 5
2.5555801329351554e-15 6
7.53274882044458e-21 7
2.8336279224161045e-08 8
1.5344466240547514e-16 9
1.304386614803222e-24 10
7.777722431037515e-41 11
4.374395845821602e-34 12
1.2524585457533548e-32 13
7.1793356546994e-28 14
1.0319145835631666e-25 15
1.1245695935415957e-26 16
4.54524098958799e-24 17
1.652100316708518e-41 18
3.3990560727741777e-47 19
5.8363960112616685e-36 20
8.363938976747922e-38 1
7.216172477462211e-28 2
2.838237838697774e-21 3
1.6063679630870545e-09 4
2.8945280178398675e-12 5
2.080582742801826e-13 6
1.1273586114184626e-28 7
0.00581821262500682 8
8.405404336248177e-25 9
1.3238147277255891e-17 10
2.2247227502821133e-22 11
1.3992684817445255e-31 12
3.2489608717138764e-07 13
3.52815209752921e-29 14
2.4616796704474145e-45 15
2.0619372350224e-32 16
2.8006514603032483e-26 17
4.149143566753313e-25 18
1.720674259715357e-29 19
6.758786965380498e-48 20
8.58659958378106e-38 1
8.348440168872852e-28 2
1.328058142137423e-19 3
1.733437267416932e-05 4
5.9698002053664085e-09 5
7.193400980787948e-15 6
9.377982431745535e-14 7
2.5220461602909606e-15 8
1.6948744058157945e-12 9
1.4462292833100738e-29 10
2.569831289333347e-42 11
3.8947024373769286e-27 12
2.204149621715476e-26 13
6.363970333625995e-10 14
6.844024534144688e-21 15
2.2917595692875583e-34 16
8.580902742517629e-29 17
3.08276310118743e-22 18
5.1777542882659675e-36 19
1.7588964887814691e-09 20
8.332326172155052e-38 1
9.161883662562316e-28 2
8.422750907713426e-21 3
3.0569077794098876e-11 4
1.8341558196821267e-06 5
6.162942991934489e-09 6
5.8652993670784224e-21 7
1.0590871890790797e-27 8
9.15374488191273e-28 9
1.124620774375794e-25 10
1.5541915923867132e-21 11
8.313407735260973e-26 12
1.2001479511338995e-24 13
9.704953807013205e-13 14
6.2359229556678094e-15 15
6.983549528530535e-33 16
3.4141331828033255e-17 17
6.417184312611668e-16 18
1.0692020825701076e-19 19
3.0108819411924167e-23 20
8.093137737923839e-38 1
1.2559392366146577e-27 2
2.3872055694282762e-20 3
4.1499340912690355e-09 4
5.475985494263369e-17 5
9.273988289411964e-22 6
1.3708385372298108e-20 7
4.917950910259803e-16 8
1.2126489346655033e-07 9
1.634864968018383e-12 10
5.3007697578072075e-34 11
1.893825193222904e-18 12
2.3590194482653125e-22 13
2.6129234515704184e-20 14
2.527417809255974e-28 15
7.03526867650853e-43 16
8.965113277796396e-23 17
1.6766005333432497e-50 18
2.238571077939769e-41 19
5.791074882965328e-26 20
8.405878223454753e-38 1
4.307576998923879e-28 2
1.220871949115724e-19 3
1.8151884443507486e-11 4
6.261512473459865e-13 5
3.055642614205643e-22 6
4.114812626609949e-29 7
2.3817009499683637e-28 8
1.9967782370922739e-13 9
6.154855549776587e-22 10
5.04470309471696e-13 11
5.837404388657069e-27 12
2.455409829665751e-25 13
2.096361392987034e-13 14
4.842617809915322e-38 15
2.6640287814265034e-36 16
2.5700150231933717e-34 17
3.32973642993308e-30 18
9.728699597353307e-28 19
1.2215319912596517e-14 20
8.056345226393753e-38 1
8.0090897713011165e-28 2
1.6990760855347315e-21 3
5.432880819642339e-13 4
1.4271700321278179e-15 5
4.306545716465524e-14 6
3.2306313864680134e-21 7
5.541502545992965e-11 8
1.007547941864383e-07 9
1.9312072002908123e-24 10
4.523444465497823e-27 11
2.0458908131361e-17 12
1.8423881940519973e-28 13
1.2470944098947082e-28 14
3.4227564127788313e-16 15
4.503314459468713e-31 16
2.518475795647564e-29 17
1.9952288707597834e-22 18
1.4657327728799144e-27 19
1.4184404163036616e-34 20
8.373990210289484e-38 1
7.513532671482549e-28 2
3.76189820674834e-21 3
8.35845123276974e-11 4
4.832034762564128e-11 5
1.9905345546194925e-16 6
7.785909265814296e-12 7
3.684831418330298e-11 8
6.147357029185058e-23 9
1.3497333687948772e-11 10
3.1189548625518563e-27 11
4.647103939376372e-31 12
8.035509517474004e-13 13
6.716184788443318e-25 14
1.8877828769013225e-14 15
1.1012797332613471e-22 16
3.0483996523416334e-39 17
4.2991304670141544e-32 18
5.614887093065451e-19 19
5.713920207785368e-38 20
8.739060944364685e-38 1
9.917207660479121e-28 2
2.062868784282533e-21 3
6.364260618838249e-11 4
9.031677182871723e-22 5
1.042291226759045e-14 6
3.4791093899926833e-29 7
4.0054850358609813e-23 8
1.4409235646027965e-20 9
9.046221508304885e-34 10
8.529254339937862e-20 11
5.243340805679392e-23 12
1.1370104632496958e-35 13
2.674369805608841e-23 14
3.747641404414124e-29 15
3.753581287770195e-15 16
1.0674987155921481e-24 17
2.6827418978655603e-18 18
3.9977481407117305e-43 19
7.676026822079691e-29 20
8.803988592675417e-38 1
9.151754174469064e-28 2
4.276842727752559e-21 3
1.593134559662295e-09 4
8.110117900140126e-11 5
8.720574345277711e-18 6
2.582077199378078e-14 7
9.99434766693199e-19 8
2.388035130668331e-07 9
1.627237994252413e-32 10
3.2663001202366597e-32 11
2.481636943605992e-19 12
5.664642675283806e-14 13
1.6607396593179167e-35 14
5.741057031857997e-31 15
1.0868656850131574e-37 16
1.6943771266053702e-25 17
4.79617618832909e-28 18
9.143589603871987e-16 19
1.2526069734512658e-38 20
8.375687033472471e-38 1
8.968526731212049e-28 2
8.259771161541984e-21 3
5.826595756246353e-07 4
2.855469023858128e-14 5
3.7727666367286006e-18 6
3.1735035407373715e-20 7
2.7617373105186387e-12 8
1.97246645295746e-20 9
8.527578348598814e-27 10
1.8921077368675812e-24 11
3.1542910879722427e-24 12
3.433467580845678e-18 13
5.0013696926501315e-22 14
2.2007335885534416e-22 15
1.9171134327581622e-26 16
2.531809609855049e-30 17
3.0896352003544948e-18 18
9.45729243223309e-49 19
2.4752244381310135e-33 20
8.436743909208374e-38 1
1.1085554534234798e-27 2
3.459626973310928e-20 3
1.5947240809281702e-14 4
4.475418220236521e-12 5
1.253535817619519e-15 6
5.353335454802517e-22 7
3.230677234835134e-17 8
1.578060328372046e-10 9
3.90891240526495e-34 10
4.343947592434705e-18 11
1.1566756316175188e-25 12
2.4340481551440934e-31 13
1.4926177226652532e-18 14
1.246134100453446e-19 15
2.6751027757217508e-18 16
1.0216787025398191e-27 17
5.625838130564318e-41 18
9.553738557613802e-37 19
1.1804724639697323e-20 20
8.643714764705344e-38 1
1.242296417849641e-27 2
7.374302212377147e-20 3
9.669193356642498e-07 4
4.2485993974779715e-16 5
0.00014991109173644336 6
6.445570439920935e-05 7
4.8050684004347044e-14 8
2.5294806818876856e-11 9
2.632385447623064e-26 10
2.0408941117019967e-24 11
2.1494683526940968e-30 12
4.613013541561043e-40 13
3.1992178107688942e-28 14
1.4847138575474924e-20 15
1.8815315983944548e-35 16
8.649396137222287e-20 17
1.0320199846680102e-27 18
1.738723416974267e-23 19
8.208394858236022e-23 20
8.498562610374437e-38 1
6.494046712339664e-28 2
6.5295727901030565e-21 3
1.1686383913093678e-09 4
8.015115585449261e-22 5
0.0009518438051658636 6
1.634108505834646e-08 7
6.383158281343657e-09 8
3.3489514007125574e-17 9
2.214181080796244e-19 10
1.0784689599891073e-16 11
1.2473489831077651e-31 12
4.944820449795267e-27 13
1.5854983955778187e-08 14
1.6063807196549408e-19 15
2.3274953885008658e-26 16
1.508053584677862e-32 17
3.4130571390763024e-32 18
3.659242802035367e-38 19
3.471233587613085e-33 20
8.378253859261019e-38 1
1.1502585522190345e-27 2
3.5714958931762964e-20 3
8.326597377419144e-11 4
1.156767840474028e-14 5
1.3158248631958606e-10 6
9.038774343226388e-18 7
2.6531105754722245e-12 8
2.3456152611324577e-24 9
5.423380792473808e-14 10
2.7747702783089847e-22 11
6.2860246140682435e-34 12
1.0165964303488288e-28 13
1.4654953491944073e-15 14
2.1300386291200933e-35 15
5.894456517917347e-24 16
9.343701261848472e-40 17
6.775866400712377e-27 18
1.3398245660526215e-56 19
1.8831630967160765e-17 20
8.250065571115829e-38 1
6.722662024916366e-28 2
6.532978502309698e-21 3
6.7225286526148635e-06 4
0.04054085503035465 5
1.3126579240181205e-15 6
1.7910189420531763e-06 7
0.00034328418975898415 8
1.6911753641081876e-16 9
1.92416983686226e-29 10
5.716015695370151e-08 11
2.647600183966564e-21 12
1.1587800165850337e-12 13
1.0317648995601664e-37 14
1.8297101895714586e-16 15
3.1655138937176246e-39 16
9.361916361534193e-34 17
2.854981227511327e-29 18
2.511501968312042e-43 19
1.4826773124440314e-38 20
8.503281514081166e-38 1
1.2611838765587442e-27 2
1.6266980177713258e-20 3
6.348072744332515e-10 4
0.002624879304123698 5
6.014773329131594e-21 6
2.3903647075145485e-19 7
7.96847767814647e-26 8
5.988136048197751e-21 9
1.7816445442885098e-22 10
4.0621051313539365e-18 11
2.249546530191757e-16 12
4.304278257009698e-32 13
3.8363544680283375e-29 14
5.0446340017160574e-15 15
6.644154123070314e-14 16
8.074234345314232e-32 17
1.0029108127482732e-47 18
1.1244297115047592e-20 19
8.893021668354289e-23 20
8.546591389265073e-38 1
8.591018918224085e-28 2
2.008777498399914e-22 3
6.843190069468638e-08 4
4.82812069457211e-18 5
1.0479093044920265e-07 6
1.4434173826242495e-15 7
1.6698302053228436e-20 8
3.914659737059091e-21 9
4.010710916949152e-21 10
1.930348638272462e-21 11
6.090954368741661e-14 12
8.213742942866988e-37 13
2.2653189647186153e-22 14
2.477452534957881e-21 15
1.4284929784734066e-27 16
1.95502464480977e-24 17
3.131810235817894e-26 18
8.575713141412447e-50 19
8.304192911564969e-38 20
8.426525171254682e-38 1
8.816036179095714e-28 2
6.340735422954818e-21 3
6.40301147449144e-09 4
1.5425576994919654e-07 5
4.3695597146913804e-14 6
1.9059348349517353e-17 7
3.168064838084659e-14 8
4.213283611820758e-25 9
3.654358629335025e-15 10
2.490778263352333e-13 11
4.096235438164818e-10 12
3.050852292307371e-22 13
1.7224324975014587e-19 14
2.8917017950447534e-36 15
1.986446149422426e-25 16
3.0555765308372895e-15 17
1.0261935753533448e-26 18
1.094015392893598e-16 19
7.679594464046209e-35 20
8.819367407938324e-38 1
1.0110591550427868e-27 2
1.737978982074728e-20 3
1.9109801638998962e-08 4
2.798570946078684e-07 5
1.9648200874545844e-23 6
3.9266449381081646e-14 7
2.4244346727242585e-14 8
1.1547881580866012e-31 9
1.8960091273319836e-15 10
3.5729806508460076e-32 11
1.70145405584813e-19 12
5.9685102592451276e-36 13
2.3584024170789506e-24 14
4.2960927190066915e-19 15
5.690632109920974e-24 16
2.897522043898634e-57 17
3.640813939613031e-35 18
3.962475923723497e-16 19
6.1803062748986455e-34 20
8.24825471793005e-38 1
8.162631560696608e-28 2
4.6991750709677014e-20 3
2.1233997016085468e-14 4
2.865029440730697e-06 5
1.132669578630346e-22 6
2.9546335503318227e-15 7
5.031013983275931e-28 8
1.0322232309629102e-38 9
2.4724566282427885e-33 10
4.629559506505864e-21 11
5.016274728103877e-25 12
8.464866644448098e-46 13
2.0881709180828525e-29 14
2.0880627325005717e-13 15
2.792948794018006e-25 16
1.7854653112465008e-24 17
1.5032327411134102e-24 18
1.5390630143151032e-35 19
1.1391988376904121e-24 20
