106.3840844067584 12.223704674923344 0.730438719755393 0.428999758428661
88.75951900294088 5.605042363539971 0.8272010859642736 0.21402682337221343
89.59337817592034 4.7064494837984885 0.7521104154234899 0.23735082424486936
86.63583863334961 2.4508590853548884 0.7849128532565818 0.1669891387763746
110.19504040987661 6.5598198204853775 0.7252683719240831 0.46738215345027095
91.80775017240589 6.084036504085377 0.787112051274158 0.27865998901746014
94.46828940960297 6.226867131339222 0.778584320692067 0.320301730986733
87.86708641418936 3.70816489919985 0.8010724270138073 0.20028153619459602
86.91039502748188 2.5508394035921165 0.7810258354453409 0.17584575493300872
88.90202082810443 4.853290746496008 0.771122212511183 0.2232636513246383
89.00232688078579 5.0417717499761245 0.7464310101057553 0.22205992643295114
90.03672514703948 6.227704739781391 0.746045602108697 0.24194990349398857
88.88089061839034 4.317076963432039 0.7970015833395595 0.22414410055555212
92.01627229604333 8.284024410309085 0.8234854971330393 0.2733898060742427
92.92027626384422 6.905511180980404 0.7403663838887545 0.29193374472901223
95.58608942492621 9.85769306735229 0.8035702459070354 0.3262008113551822
88.07893137512056 4.004036277238854 0.7745327156800125 0.20556940637272744
87.47440786724492 3.0668203393081868 0.7874888653143448 0.19138858969028014
88.45059789064395 3.58301730772164 0.784989374568678 0.21607463865285112
88.74283531317066 4.37519353004119 0.7818482448275588 0.2213152817273363
95.12712816393733 10.104355366382908 0.8916693024238185 0.3018607342987966
93.475956636798 8.298066908763522 0.8053178943265967 0.29992379358315846
89.14958915018127 4.223774154325759 0.8063036441093258 0.23016079894009775
87.52960479401021 2.8901149439540696 0.7986793050785203 0.19301091375626805
91.12783465214666 5.681736980937322 0.8071017487691304 0.26679047160339375
90.13101403242175 4.078275264233556 0.7613422611638747 0.2510693964497957
102.18682834999188 5.951905024447717 0.8359560620504537 0.40560194946792494
89.67242257954072 4.965173321248654 0.788295342124449 0.2407179237157366
90.88904026668457 5.793539667527612 0.7687879330689223 0.2625123517589298
100.37841854500354 10.81974083147081 0.8851831604180979 0.3682537220271331
87.5526556810405 3.3905735161363446 0.8014239279790157 0.1923719459572182
92.55784674088781 5.498351513401276 0.740314793120043 0.28970821011833675
92.7328810314027 6.236232245181017 0.806869327554384 0.29320771607555735
89.0579488550268 4.797454353455936 0.7707534114809791 0.22697088003198582
87.07765038940227 3.1960284609810414 0.7958306247479647 0.1792605103134348
87.85861066397506 3.1434835272423896 0.7952990055826118 0.20168115119112634
90.93478481944248 5.385517338352623 0.7761734705356199 0.2646310599157258
89.43178374425631 4.769281003397949 0.7864973706282824 0.23609068913366005
91.10891580897012 7.6708911030088895 0.7584403595798865 0.2603366169449392
87.82652784068159 4.256724550404439 0.8106290718258076 0.19681288216504286
86.93704148351087 2.758257690423488 0.782155379560656 0.17657432616522015
88.76768900124227 4.5544955788552794 0.8065803454517155 0.2202261842710531
90.89560932119724 5.718200772809904 0.7835295207357581 0.2632898467557186
88.74562495762272 4.943726480450034 0.8080684938426302 0.21875569927857907
96.71908941600827 7.1271483952787404 0.8248495706179614 0.34622871858032306
86.92921775322671 2.6684211343761626 0.789616187505257 0.17599775175009552
91.44364077643202 5.4174205504172015 0.7949590324122915 0.27385599572235425
88.86465969518346 5.139742282435009 0.7650417065801619 0.22132351901817687
89.38493105763705 5.139379996203222 0.7711358783175893 0.23354919388821666
88.23448888807822 3.9551078553783943 0.8064207292271786 0.20873900986718083
87.67173236356247 3.3147065293123434 0.7884675459269017 0.19626949726381326
87.16784509889945 3.230923234574319 0.7679998082495014 0.18147648461111496
94.29499859183682 10.925113318759085 0.7998164334797476 0.3045745170903136
91.15372900900333 5.566768008526093 0.7911790926126406 0.2684570488797243
111.73847017732457 7.179294652137496 0.786611318252237 0.4800810930919297
88.36268691182266 3.475836993303577 0.7843120801575892 0.21421445559293115
87.74100693258845 2.7059298878122697 0.7907787659114922 0.19971151815248211
101.39169676677399 7.9549654792770275 0.748415049292633 0.39616998210398496
90.28767100019388 6.182073401327025 0.7851583575340603 0.2501684055100412
106.68206470880655 11.819557569276753 0.7126139141560902 0.4295821113156679
89.43913884126029 4.819386870545819 0.8088749848492002 0.23487015606538897
95.91157728203886 8.477391334161073 0.7914536132133656 0.3348292191527825
88.70585629554628 4.087219271896821 0.7635241914265598 0.2200648758947229
86.86964665008789 2.6663603256871378 0.7917887085675958 0.1739332242042005
91.43621125369734 6.873084171290697 0.7977437638878966 0.27017222996185375
87.3147383200894 2.620192264523317 0.7755064130805334 0.18775357568499118
90.28968372662825 6.5671892433597145 0.7738271715126198 0.24902341877667994
87.98371741579075 3.7020925005898024 0.7618668079521748 0.20258291206774848
106.94617566560227 9.277595381488522 0.9314016581070516 0.41911569487657696
90.9350174055016 6.549493131741552 0.8017923054764312 0.26134034154008584
88.66727601946518 3.808858316742148 0.7916505182076207 0.22060161968513162
93.82511844954213 9.007935663857351 0.7517452083102141 0.30201685616193896
94.68048611860877 6.835772063154242 0.7823874044836933 0.32218206829683677
87.74716033321234 3.489703013486542 0.7718331971690928 0.19761007701118866
111.19474468357774 9.294353274251968 0.726652653136697 0.4698050597884245
99.6358851092477 7.149063794659141 0.833181904335293 0.37894430638818377
89.28524697012527 5.568173493575109 0.7578822391754951 0.22904791090017768
87.63278770953954 2.915156971789618 0.7848902236585042 0.19625756279496012
87.00827531769055 2.8744318330686536 0.7731115710830023 0.17758846366862166
89.2329542943394 5.249355367680559 0.7974192355929054 0.2300435493966066
87.42813731389535 3.074142135888227 0.796836360321419 0.18988296805412372
90.14194370308425 6.392286526366783 0.800977661948899 0.246246625042076
90.33485897363612 5.146833790902328 0.8037048234680074 0.2531381819644716
104.2457918874783 5.728929111254076 0.7758089183859147 0.42735647894619067
88.13855447992329 3.9699904185353154 0.7715347016098931 0.20692063372973277
91.47915313655484 5.745812842981556 0.8296824666523483 0.2703064461555007
115.65868808680456 10.984934147642536 0.7485578899000391 0.4977167100605541
89.42863552774571 5.073975638935809 0.7947712611375488 0.23484004464610164
93.76999135817786 5.875125843731382 0.7905694981471464 0.3109433584571006
87.18348292186322 2.894259749944186 0.7925910673493599 0.18348132385121402
104.91910186457187 9.284761308561482 0.7497051612043488 0.42572890999620056
102.00135068853079 5.349093905089699 0.7549474693548074 0.4070339446107877
89.98260059390975 5.418984379103883 0.8043612650694305 0.2452805636943229
94.74001619086289 5.391474113485833 0.8309638223896544 0.3226945251049689
90.40036078130272 6.6821853646349485 0.7733151119543903 0.25049268619008375
90.48592844543535 6.419807055313353 0.7789459288704403 0.2532309147411135
90.35377580088414 5.989267988061333 0.7584100259553153 0.2505999014623505
88.91562874763008 4.313841713142244 0.7769043350368274 0.22522671612170245
91.25421554804979 5.756879252856944 0.7860244247481962 0.2700215587365086
87.90638026215592 4.151589867540172 0.8167213691017238 0.19829995683091267
88.25800528856905 3.833836680849369 0.7997696858315383 0.2101294599913917
90.15939260196241 4.398304077943169 0.786967722493484 0.25213568654081303
95.52653673014711 9.174362535903485 0.7409121460470578 0.3246661867599431
87.86577702053395 3.5894473008076804 0.7610556708055629 0.19949007478539527
87.27736296244136 2.631292223914076 0.7928732897922547 0.18649793659515487
90.6233322601088 5.066905529411216 0.7516025116389131 0.2573834133403525
89.20684957865642 4.021451802759852 0.779550562048449 0.23271629929699295
95.9956144052949 9.621826433222417 0.7642248673128412 0.33256600206037645
97.70066648925165 6.536314314365574 0.8049394754665072 0.36133083298141694
91.39376978953864 7.6487819693198755 0.8224009649586405 0.2644865715347165
92.73387838630396 5.238911340154623 0.7578668709268516 0.2949171945367654
88.16272091511078 4.499474412458141 0.7681452639257277 0.20593989229274068
87.51950024938147 3.700684193241779 0.7786610475679016 0.19116916811171647
86.27379584053536 2.107324230897215 0.7803809026300341 0.15528609041428423
87.74493145725322 4.0746302454376835 0.7712345392847456 0.19621357764288658
96.3356559235553 9.437090293377278 0.8031372643369346 0.3373190079621808
88.7398486794255 4.72316980162014 0.796904882643792 0.22011607264055885
102.10919137788181 10.085699998922975 0.8240255404246634 0.39840682550487605
92.9955804863038 5.072547012215919 0.7682057610249895 0.30026201953947973
96.68372185417564 7.73237456752965 0.8725196673817261 0.33537464183662336
92.8383471241245 7.178011174439542 0.7533404376170414 0.29167806723719286
87.56444885224074 3.3286995913741757 0.7991590167568505 0.19316989984538052
96.34864287511311 8.482684656631791 0.7384932054201113 0.3378485447753438
100.68962265418267 9.234356711906472 0.7813552242801056 0.38802618001875777
92.06387122930722 7.859680776367168 0.8005957590470932 0.2780064748477558
104.171930593909 9.549478552191026 0.7952421285975383 0.4202078860908695
99.5850175874626 8.677343692777608 0.8208570489167772 0.3762260520328502
88.5119658925133 4.523442792963125 0.7916504055167408 0.21547823865379012
90.2528485669956 5.480449265727427 0.7802296804028209 0.2514840223169416
89.98483040013652 4.712653091841865 0.7981715956176492 0.24762314415167727
87.34142997657507 3.0428149658148897 0.7781405486850681 0.18758529378216512
100.59678454893829 11.64854963875306 0.7953497465422128 0.3817685724310706
87.38900799126517 3.205145034678116 0.7929886896656394 0.18865502393283193
87.79669608439774 3.551054682035128 0.7689264173733515 0.1986258268449836
90.30469914836002 4.953924270024301 0.7662729520595916 0.252970372590538
88.17967117280587 4.378042724591944 0.7850917165318315 0.2071875012606833
96.85716436078245 12.723532215660656 0.8277300581618003 0.3319530404551247
117.06512384650145 8.412275928719023 0.8551463913769869 0.5048248208392615
87.13029571910147 2.9781762876169156 0.790691907339147 0.18144496202299237
89.61980097689404 5.1453990366756575 0.8097915784691394 0.2378691982339682
93.0333856955972 5.987152989234521 0.8034034152777438 0.2990740580892979
89.72989637647429 5.182577646795726 0.8023559975725444 0.2408365878782066
95.45904508771433 5.647206784330676 0.8270158681281209 0.33261342561945767
88.17863938677165 3.6013653969508055 0.8085756437454588 0.20781829492030923
87.80817361689346 4.000422268709433 0.7833399528431209 0.19850030205451172
86.31273319464864 2.107349754929501 0.7894391207665344 0.1566989244834292
91.73129978690868 6.15177624274796 0.8134692294505683 0.2759939982406078
94.38844069579035 8.16125756806792 0.7999461737719782 0.3141421900698628
95.74680950125524 8.542977184719765 0.8052305890423922 0.3318056616313176
87.58882636283359 3.5284693152269506 0.7836881944915314 0.1935457427591175
86.38114627013688 2.7719851674485874 0.7908518712754966 0.15782576888867966
101.76362106611137 10.913978020129827 0.8502592018325912 0.3892393424429229
87.87048962340411 3.378823233164274 0.7862802828098859 0.20160871822423126
86.76263188464934 2.420023430168045 0.7816093934225222 0.1713933396393497
90.30620711123422 4.804178002965554 0.7895209872164888 0.25401160663191447
97.93792083629836 8.37923681140525 0.8003728847324648 0.36003058540542876
87.580066908614 2.8746591103898784 0.7972858230659059 0.1946125467082553
86.80932414650829 2.5649748683080036 0.7810645700619582 0.17251436521522112
94.34646129893808 8.046062950102659 0.7919511868712218 0.3139411490198457
94.39419175920366 6.8750683548128215 0.7749755930440355 0.31771034184782115
98.55530674023346 8.267131403869689 0.7665955839386528 0.36714028971434004
89.89260187629476 4.970762540651474 0.7817743714992529 0.245247448966971
88.99272269273987 4.369576978841296 0.7671983577423857 0.22638341734445896
88.24950012033437 4.010581587794562 0.7937669289010456 0.2100277408068324
93.24284219363601 6.95817549046192 0.7934164414259233 0.3002712328749994
94.78566078268842 7.5508507021200995 0.832023243035145 0.31836296742533515
87.81437590656196 3.469615840109805 0.7853514106359245 0.20007161043935426
89.51460003439482 4.967474628076079 0.7979638793672582 0.2368255608353643
95.25491295550499 9.390680037377118 0.714923898978292 0.31546631791398305
89.25256293792091 3.972702015197309 0.7706693646213606 0.2333494629512529
98.50959593332612 8.186378419160079 0.8013840705913506 0.3670109014776043
98.27896661366924 5.107662717327246 0.8106854180546148 0.36954889252076506
88.95159575616003 3.8204271157843244 0.7947045990124559 0.22716403720238376
88.04456517725993 4.011459211947371 0.7985918221751566 0.2042547827286152
90.9655523964733 6.233139759596211 0.7921684997065847 0.2631321853375193
92.00557340850365 6.263108923776217 0.8142351947049428 0.28029180917649976
86.66256601965634 2.6348457141582045 0.7861830974035012 0.1676792689689041
87.91487130276414 3.561682653861604 0.7889200098075213 0.20252107573687927
90.0136390678679 6.144404170444273 0.7811210063354936 0.24441850554548128
108.53404513916978 15.524370239173921 0.6033296507539351 0.40292686026495156
86.5231842341526 2.6416845894216388 0.7784799276182626 0.16279941293632993
86.76184392110335 2.5590845618965 0.7803741932668697 0.17091953538708116
94.24304939497434 6.927896011145449 0.7937387297975583 0.31527830151823144
89.16973717364105 3.8269964499871767 0.7943081818744838 0.2321848668449285
93.02258006421756 6.8994466089693764 0.8193719963630676 0.29519822080098423
89.68993026985527 5.014706767141263 0.7830092147748774 0.24081339791134823
90.05175883038599 4.440887266641053 0.7954297408606359 0.24949199793302956
86.19450764686201 2.1038367967777503 0.7930355056857503 0.15227906810592287
95.14311922734163 7.694991953861133 0.7267573868177261 0.3210022824193925
87.4338238418803 3.581112713874 0.7926636965722887 0.18885021922868095
87.2656132622177 2.7839469666803636 0.7906126129477695 0.18599815556242336
89.30396551866552 5.31852438244611 0.7723568730357631 0.23141027696470587
93.64565826564179 5.290689595431127 0.776997260250557 0.31031487152210585
91.6886177316996 5.73631943279114 0.7821979010017795 0.277659173266697
93.99244163668335 8.099611591837613 0.8133190153221892 0.3074411317135879
94.44030759960816 9.503840278963372 0.7626836580075638 0.3102722601027228
87.42000407019145 3.1430525989045415 0.7868005182997687 0.1898485361619929
94.05472341299028 7.851106609176247 0.7876745064042219 0.3107500384984127
90.29778604237578 5.23708402131453 0.7766507028282098 0.2529225410816421
106.7574705533819 7.764485148919164 0.7172617976139497 0.43955578379195925
102.47962728179014 10.17580426936274 0.7513331007798597 0.40196210260100085
100.76327500049892 7.045009298116294 0.7047260872030344 0.38530086816536674
88.27253850086008 4.097647135489204 0.7945304089196591 0.21022823779399114
88.75000801612205 5.37176944926764 0.7962587967997484 0.21853444450814513
93.26922900311574 8.440091403886102 0.8346433002496154 0.29230498423768436
98.21021650464384 6.927695215362015 0.7692070984389657 0.36631638555392754
91.93200425415148 7.142185351007478 0.7845089426223493 0.27814742068685433
97.10602460729272 8.646610882938319 0.7000702152032106 0.33943565375079765
91.96014749515842 6.099817795608846 0.803500136049822 0.2810352413468812
87.3687587007806 3.2371669847765925 0.7978375780344777 0.1876488582916096
88.68970950265629 3.7686157323555936 0.7872204065320862 0.22118951100677425
89.33095067115661 4.444748157090729 0.785980494207744 0.23464536922684345
98.93042215648654 10.784830870796723 0.857063551740192 0.35929784438258605
112.02497172871985 6.67289770480623 0.8419175916331602 0.4790531889613792
99.3232040825468 12.138386895079135 0.7327619871443621 0.3619468499872428
86.47391416025127 3.0552161163769638 0.7974404214146606 0.15963673740782058
89.18133272526683 6.5129509818829 0.7923506646096657 0.22523630240680198
87.26017479907337 3.1236819955287345 0.7903085129731483 0.18498865019583483
88.99764771971648 5.60990646098138 0.7786249621709505 0.2240340570347301
89.36567003831658 5.508915359092761 0.8057885060363877 0.23175687792665464
90.80060178127978 5.368009590057643 0.8005759581854474 0.26206415466881666
97.86547283125013 9.224515887167893 0.820975618742882 0.35545827506287814
88.98345116974677 4.385097383123586 0.8054327093521917 0.22598505853116752
87.00571535302396 3.290006892369301 0.8032845829153702 0.17653904676817042
100.5602791449383 13.720157650568053 0.8674986709256239 0.3662588301709368
93.02493146346588 6.207247222334253 0.8237898649827444 0.29626023963865106
87.68037949911921 3.740372714554074 0.7800263691785807 0.19581491474099033
88.42046336498751 4.090465467700124 0.7726128128324494 0.21370960366039182
94.55066905056677 6.733542040887365 0.7808368482578615 0.320360181933874
108.81879521491915 15.877559991223805 0.8396784845519412 0.4391072711682269
86.79956399807888 2.9670823988456685 0.80038759203977 0.1704672138480275
88.84258980042387 4.099420113279796 0.7440724766126163 0.22048873716442008
89.87036379422715 6.100603441939506 0.7748731179527126 0.24158955920680628
90.49984989648783 6.951919366133913 0.8101343478501697 0.2507047544170087
88.28509327173619 4.997809952556699 0.7900154342576137 0.20831166456999445
91.32760355075446 4.609260817939857 0.7953182018375514 0.27377870022690437
94.59910620441214 9.329973937320728 0.7526847360900794 0.31235304596900315
99.22116635981145 11.505083971627569 0.7315635138652617 0.36332308010527314
87.0810834896426 3.0979988343767992 0.7696254001613771 0.1793614947088315
91.02959866547712 5.502425428441514 0.8253934393348735 0.2632766291764921
90.94097875475055 6.047667438329725 0.7573838152865565 0.26189466724779215
88.61309809027674 4.089233374778943 0.7838014412708867 0.2187458141533432
115.7081615314638 6.6419706998258565 0.8002135561459598 0.5037002564273652
95.42051071328925 6.43322543294029 0.7410298061810219 0.3301436002627523
88.04026299268956 3.5705079161657345 0.7846306055519021 0.20578121367938995
88.05286491969252 3.66765421125892 0.8112149028024039 0.20423347245084641
90.06057841774651 5.625647988570512 0.824953986126286 0.24380948275280295
91.44586384767037 6.215389090541375 0.8068138627940812 0.2715159794658363
94.18213133396614 9.472902659353714 0.7652917009160324 0.3068078191717172
109.76749482455493 7.288880195911592 0.8687543618912175 0.45957831317982234
90.56606832848222 4.703923907846334 0.76821892286779 0.2589302012535371
87.67981565976778 3.7046261492772414 0.8020077273170085 0.19509826569617636
87.16330604304358 3.0658061596391355 0.7838422256161452 0.182202936386037
86.17490129466657 2.0591382500719173 0.787129330916265 0.15179560152078594
90.19738491927566 5.1014175862607045 0.8097442133997059 0.2500020501584973
87.89476386375065 3.3781580124064625 0.7877565806743658 0.202173276142846
92.49346260241921 6.177177225561179 0.7792434566490872 0.2903593434814683
88.51793191382272 4.654436563112735 0.7862772611265302 0.2152314798534491
87.88286837302074 3.467510575509541 0.7814937814919886 0.201622601119564
89.8565532254744 5.045911569952313 0.7580038925036726 0.24250787090547715
92.05773239078572 7.490980551545351 0.7461948565080478 0.2763717848035803
87.96152827218543 3.7482457551772024 0.8105587654544211 0.20158145995879834
89.74986321781307 5.979494484955098 0.7697971566376137 0.23918476265334848
90.30710265441975 4.539052024946777 0.7669657017873959 0.2540801755626665
90.2333429509662 5.642755492809975 0.7975271523051048 0.2503999552252009
108.78156102497866 6.716250097733449 0.7728888858992315 0.4606069663620296
87.39899883051096 3.3610389938407037 0.7933200444400355 0.18848631836089064
102.85144878616482 3.8844307959601063 0.7605753842784845 0.4167362810092605
87.36254943482601 2.7889198861319207 0.7764362446003862 0.18849222698582296
88.18764830411894 3.657346893613861 0.7785405045840217 0.2092323828400624
87.51102622907835 2.8948600261787965 0.8003195723423566 0.1920602052503344
90.33987865966519 5.379402064283749 0.8012315012189621 0.2531930493715892
89.2710924358017 4.9598086135582315 0.819375013217241 0.2295152790851248
88.59022340707273 3.7364869360295008 0.7555028949959888 0.21696813049592895
105.73136953707646 5.557292536169312 0.8628485400069762 0.4328953631189644
90.86750031759935 6.202723382576807 0.7813595767401575 0.2616927832628656
87.77365094459667 3.460621891933794 0.7809563169903789 0.19863875214040355
95.19470091636471 8.516885085195664 0.8086412456716922 0.3243430745774766
100.43295418712184 7.67905137234324 0.8148651504920507 0.387580505305219
87.768402515124 3.052663189715967 0.791647825213154 0.19946378481097804
89.087842766981 3.9954185782098195 0.7884257956318331 0.23017086182254173
93.44931496069655 5.269689047623688 0.7950082125942316 0.3073090111936764
94.59352176077066 9.565622353657384 0.7485898631428016 0.3110814946496876
91.85100796885439 8.064352050305818 0.8283955212782945 0.27032844431269165
86.73646938060028 2.843960404278848 0.7882190772840614 0.16972958216064724
90.42373469464518 4.243686516286439 0.8022389707380697 0.2571002660148425
87.51265782863501 3.3026210531379796 0.7882529978589051 0.19211912248570093
98.21551693306299 9.714899263513777 0.7347705964671049 0.3567518638524955
86.39872953434327 2.760678016631671 0.7946840323489506 0.15808397166979068
98.88429492759255 7.7006248092979925 0.778440708301924 0.3722757085866133
89.26477501840921 5.173288476973276 0.7813609906223079 0.23126085070987573
97.45574397210939 11.7359593203168 0.7060128334960175 0.3362879286748118
86.83850157869541 2.899470022041813 0.7784472346285709 0.17275946197668804
86.79801625172672 2.40978710950065 0.7926198027510065 0.17243913103014755
95.22634909529103 7.091691690619462 0.7904597004613116 0.3289373621966641
92.57465491042728 7.594235466952101 0.8184126664195569 0.28589130731473467
87.28613548300869 3.2639835277083984 0.7806445228718375 0.18566800430586905
88.08299951879262 4.173451359644629 0.7998552802852872 0.20494189529587725
100.22016521447438 9.062652247957455 0.7423734749852516 0.38144969602411866
98.84394868629093 9.879239182714798 0.7304882622234551 0.36281955917401654
92.56160404456719 6.859073713771551 0.7652836833344614 0.2886435507579254
87.50940659631966 3.1331992933488677 0.7852914051384144 0.1921084037695252
86.74768204426817 2.6397640016627304 0.7941588440032497 0.1702340737777903
93.10102445823073 6.614777604310496 0.753334335471034 0.29707256331246806
101.00765156442182 9.27113789154056 0.8075903527996501 0.3906564014283862
92.71436821203655 6.765648849129817 0.7846148264367788 0.29262640924674177
98.00628626846965 8.209325644948889 0.7978332180424175 0.3612185524814236
87.38004910004449 4.185227866986384 0.778150571346081 0.18593136489501125
90.48791823959189 5.550622003335148 0.7936894048820067 0.25571125481142515
94.31536829325844 5.757346754145845 0.7771454493260066 0.3190861500404438
89.72181379381271 4.408122297306824 0.7848159564846289 0.24293421767039777
89.72654724968704 4.989466107206309 0.787861174124975 0.24160920197724323
90.35708097490362 6.39512390775984 0.8264110432073183 0.2479048099289003
88.93433899309551 4.283839880503449 0.8071293547397432 0.2249488148126415
95.2380633924945 8.249194411123995 0.7586213682351777 0.325148276725991
95.36826113482002 6.5517580432098645 0.7371841119945814 0.32867089806697003
94.6206304837139 7.688553140445815 0.8417378357809433 0.3143220328059472
88.57578927798397 4.975489113458636 0.7646666579993529 0.21462688983342715
87.43557669543497 2.9595161442707085 0.7934730870330021 0.1904380937386558
98.8799570441275 10.481807942582956 0.8435641578976824 0.3614130925087488
93.30249711439498 6.954687711736731 0.7571672815066333 0.2999012401860551
90.14897033779927 5.319082713648186 0.7966948784837441 0.24931527059350667
90.85378026665894 5.334199850020854 0.794584534075209 0.2633386713387831
90.64965836460748 5.668864927669213 0.7676870270676104 0.258059745241195
90.79913011225675 5.764848452299681 0.7673019635884086 0.2606596534915122
92.31211652616416 6.5191872228880445 0.7574002232574479 0.28517541096376203
87.6603665015333 3.5818885132472404 0.7926618801726425 0.19516996389888028
88.84530057312534 5.791717541877705 0.7696034973927947 0.2191786777576971
93.14536864017809 4.953197150566923 0.766296982068341 0.30260557269712185
86.81389288851122 2.4795701041370224 0.7921849449984698 0.17270084493383345
89.53902567444086 4.1698611576591595 0.7611108315111134 0.23835751063386604
89.31734609720127 4.438155905180303 0.7667804989578169 0.23352141307695587
96.92845622385603 9.82392930877049 0.7107193507394328 0.3362321944468453
87.5455759096354 3.6448659391875773 0.7758160707426012 0.1920280125441904
89.99284318975342 5.636659529941178 0.8074728627897524 0.2446476696900284
87.06509738755705 2.812309870560515 0.7800501593777445 0.18003577282684083
94.48686792748815 10.21581688611046 0.7814566760875965 0.3095103530280218
87.9135653033589 3.4711014008485277 0.7860267069339711 0.20258464986407304
89.00679361996262 3.9316605985147817 0.7871329374399038 0.22828064466299283
90.7324187043978 5.042499924142123 0.8024071322867896 0.2613269536512002
115.18474265606646 7.173881924455361 0.9324993323922472 0.4785158323142282
91.36322124650354 6.412575263306814 0.7686810598942023 0.2694778839687551
92.01664962776493 5.7795227605958495 0.7915395880122991 0.28330578785410454
88.4424543995458 4.388911872921939 0.7704508971115424 0.21352601314468156
95.98141832561903 8.949490952373841 0.7580757984562856 0.3332353213048251
86.18159358481587 2.2337328359746222 0.7956100669061799 0.15128201269116154
102.81928406869191 10.643065387288805 0.701906232453182 0.39753874261518896
88.75358665414203 3.915109029418033 0.7798405415571503 0.2228692712269336
96.90601229054106 8.039966587432877 0.7540246083505177 0.34720094798239304
94.05567916041937 8.991243067719317 0.868492897437844 0.29552719976013614
88.99167439742483 4.923811582989158 0.7740000369955947 0.22528348944426832
87.44991268802538 3.2050516050648783 0.7846868419056685 0.19056023684803267
88.43407058047718 4.932324053010619 0.7872542899176853 0.2122283431243771
87.85695674607192 3.7646031785628615 0.792053822745777 0.2002071446585956
93.92453047580527 6.4742153858220854 0.7234120623256706 0.30571371719394846
102.39291599729408 10.35920292103879 0.7656474172159359 0.4021279214094401
88.86633278764845 4.9853757950766395 0.7695922828489373 0.22194939273489772
94.05470749994204 8.078684119738307 0.8132947681159677 0.3089163596351595
88.46844009751447 3.9828073489282936 0.7847907094764004 0.21559426139408294
86.52122068755972 2.5431628556172354 0.7838493881902905 0.16326767192787484
87.43100534614015 3.3853379918959967 0.8013430810266968 0.18876190732677758
91.46915950682924 5.59937885367442 0.7716804505293081 0.27369565409329116
89.3017209860336 6.005897418205692 0.7890941864737061 0.22978666008964818
95.37386508019826 8.207953957335729 0.7758131896612848 0.3283575399280667
92.60044444467783 5.840814458149121 0.7414444549906483 0.28936646662200055
90.73989170605907 6.203932301555474 0.796942780526265 0.2588010614435171
89.37550498185051 4.717133053364106 0.7616296975316887 0.23380926118768255
93.38467924450707 7.131160840151706 0.8089777779016797 0.3011012983405566
88.96869023724112 4.805242636429347 0.7939783558446943 0.22533874600271267
87.87376865192678 3.596499005893084 0.7748527985662492 0.2010185566387756
86.9388711702063 2.6796634938737354 0.7967393896133266 0.17607888129091814
87.18068858518804 2.9524062478467177 0.7933673553822856 0.183049047550141
97.01811885505099 7.305965966596589 0.7417625412477137 0.34917607920979726
88.3830205589706 3.4458615622063236 0.7946237608753134 0.2145040661152751
94.96670848375311 9.678864954133394 0.8158608883756314 0.317069146224978
92.80571397776299 7.6177197261840455 0.8163375576808303 0.2899709915847874
89.51218238677308 5.213768345968904 0.7605664220671179 0.23508024655950335
91.56731223571764 6.785887416901645 0.8127872547331672 0.27167041572886047
86.80535518329373 2.5341429019833814 0.7800273013950361 0.17207403379896027
89.74455673176747 5.2611279563395925 0.7709275971925885 0.241145014184876
93.04084736372688 5.05561332832248 0.7786676501748773 0.3013260117301888
108.79752383782827 5.788728293670967 0.7409692730360826 0.4600034712383384
88.8326944310832 4.087122995979623 0.7892843181753162 0.2239849722014091
92.34823332640154 6.29318039332666 0.7896436983109087 0.2875218685660527
90.46225955780672 5.2276281564498435 0.7578262376841464 0.2546773956117328
86.81107820059948 2.935399695854657 0.7985348030091195 0.17131478423728072
92.87765845149583 5.485154348710651 0.7995276125781259 0.29778914481775526
88.99499836865203 4.098169242119712 0.7574750379629746 0.22629114599355216
96.69566966036507 8.26508473033512 0.7446097471126674 0.34303509910843727
90.56211912596117 5.060676499636731 0.8260062910157678 0.2553326646164326
96.22328554545467 8.489731782538826 0.7567127428855848 0.3375961893347927
87.78705678250816 3.7115103822601574 0.7896843654273418 0.19875486265436046
88.6365107981638 4.045244906997607 0.7715987460164307 0.2190283640694524
88.04061904066096 3.8084918035264432 0.771982616736432 0.2049279951201242
95.73519785417946 8.474161130968598 0.8365886446740382 0.328496871651575
95.37602247419386 8.496618631750186 0.7273696397729196 0.32217648018075995
93.68855885568132 8.613128594473084 0.808975161998052 0.30221439368921305
106.60926218091232 13.134981282410813 0.6855899909024149 0.42061063036490914
89.63539301400043 4.983415444021298 0.7802660844309378 0.23992905460642605
86.98411836844622 2.7879976464111205 0.7969271589603987 0.17715212582950948
86.50918859513587 2.113718254063699 0.784917436918867 0.16377526827211156
119.1623795185675 9.604385016512175 0.7642967446827013 0.5189310488988227
88.67243094565768 4.535335836255941 0.7864528621629839 0.2191792297546316
110.58326606689145 4.128991605175937 0.8440461553873702 0.471910523377964
88.19493305690965 4.110440360674957 0.8020376301159328 0.20798884506046453
92.97258677412353 5.334613576624961 0.7875208932531795 0.300014180376731
92.58719063864233 6.178547034491333 0.7535593110733434 0.29039607696403325
92.74601145077288 5.74816995597779 0.7996287623832119 0.295021045637262
89.39498093576128 5.919900675900489 0.757340127608056 0.23027220773657822
105.24624438017447 21.29383710476124 0.921500064062884 0.3725867177874261
87.81868061037807 3.529390709005258 0.7906421470575088 0.19995848921502685
101.90390664020553 10.160062057337125 0.787394498936156 0.39785612412969074
101.10243369268852 6.2703293825125295 0.7351265053971381 0.39468208778693864
89.87614322475157 4.3172139106401435 0.7920399212004743 0.24643274187979558
86.85937337881164 2.813073666586189 0.7834307219250304 0.17364784904890876
89.49456920110879 4.514770332486658 0.7978428118124158 0.23760913279452614
89.98926378297358 4.712144362388948 0.7800760149560735 0.24792426108309007
93.37208472265188 7.494102589726678 0.8205482504296329 0.29899448045138816
93.24128085146168 5.927454395100783 0.7932881921382171 0.3029405686520527
102.4258251953499 3.964102120047907 0.8071437306850513 0.41286188741618757
91.05818875990627 4.995507841407956 0.805289309410283 0.2671772528468915
90.06390586467673 4.253903516797513 0.7767519101060913 0.2504301424995233
93.80568361488609 7.030913213211869 0.8118962452784069 0.30778109535862597
89.64517460729239 4.839745746469268 0.7685628658880188 0.23970248590039608
88.03818518977171 3.960035526292586 0.78788765250255 0.20477588203280722
88.67868683691391 4.479514699890223 0.8029059087180538 0.21880960890575452
88.03380601158678 3.6683622363474044 0.7874167982197416 0.20532278941802293
95.92370510250299 12.030539253689174 0.8309640599678993 0.32122537785321365
90.0131966777509 5.084733566045936 0.8028617238461567 0.2468877236266427
87.73016890950257 4.367833254206979 0.8064806627163793 0.19449670926151508
97.86444304985855 9.460218871686058 0.7359538034325674 0.3533116186020845
98.27377558823389 8.292974292576115 0.7719634063629065 0.36440694153767755
87.18390660917467 3.2327749188009984 0.7725575020747916 0.18239396436805946
88.67953590967915 3.166428801408074 0.774400151914287 0.22213572448843885
87.40548536261598 3.3928886926354718 0.8021754137312411 0.18815256330763352
87.08131541218324 2.705981772196376 0.7918368677779543 0.18075831815786517
89.8995306745911 5.194630253533893 0.8120292548541521 0.2433153267599517
87.36405375612199 3.1433212862199036 0.7738939508537196 0.18789630100694818
88.62867706536674 4.841300354375501 0.7751366693160506 0.2170075815529374
89.98151628797176 6.652681098744142 0.7567189419040953 0.24098116276951043
87.5579709798745 3.357366852458742 0.7838813221420116 0.19318498950288132
90.51314235005977 6.605000599118812 0.8094251870831046 0.2522897787791317
88.1313319123357 3.2772205637454648 0.7927306862750803 0.2084932756107189
88.91782700592742 3.90926198858195 0.7864970426298709 0.22636568571689197
95.39729443692255 4.530760410524953 0.827098016252647 0.33373003426001174
89.79983811027127 5.585284761583126 0.8037458577865793 0.24069080568409443
99.40287576358853 11.125987482413791 0.7394956310954863 0.3671418388532442
86.94028790705138 2.368251487178539 0.7815190086962174 0.17677273869133625
87.52527226821542 3.419552527840924 0.7798000879028562 0.19193528156473055
93.4028317115924 7.642538822310416 0.8009467250158326 0.30128546487787733
92.39653445697293 6.637992949359134 0.7553786575614627 0.28591237936500746
87.30542598632604 2.8009599504237443 0.8004411866953639 0.18642137643226295
102.47090805557248 4.693784449062813 0.7838006356511991 0.4131485104618428
94.71970463842084 8.662821328746967 0.8232690615014581 0.3156558665367427
95.25585766903781 6.048015236161702 0.7903254585193341 0.331779907056366
87.76776848630557 3.759617002823062 0.7680057605904071 0.1972596685093051
91.04472646734901 6.625914160317598 0.7950492288584226 0.2635430780811787
88.69550065005187 3.508287945782893 0.7711395528902275 0.22161848862076078
88.08640657671654 3.887121882894531 0.7947462625282549 0.20590899000723106
91.91020504252363 8.830703419796945 0.8014969809116869 0.2722665696322965
87.05057996924734 3.0837176105131396 0.7803362792213047 0.17897957753126295
90.34226662131772 5.19711587888342 0.7805311288580211 0.25394988821264264
93.25054897800493 7.838096162393472 0.7835061788314206 0.2981331775684116
92.38230085637325 6.389251448347333 0.7339984565656344 0.28320015748646693
92.52983245771522 6.295998187510025 0.8147571705957695 0.28913823472116595
89.72809401212304 4.8094358507932276 0.7605161098628364 0.24100496664043958
93.34941102659205 6.853889272659028 0.7573570577545541 0.30108791134770096
89.6390077276464 4.864447960240644 0.7925970193855718 0.24007663984437397
98.98774538987887 9.530806795487075 0.8074620395911636 0.3687482951258505
93.40714439547124 6.409938593435982 0.7847056109532987 0.30427369158624695
89.38772041292953 5.400355224545857 0.7701285781640745 0.2328689801276931
91.51514606223952 6.3787709298046105 0.8147172295019889 0.27158453129539833
92.52654796521455 6.403025413624701 0.8281553855943642 0.2871712146547462
87.19512750079828 3.353800806234829 0.7983781285492656 0.1822697325441167
86.65901706774976 2.4753409250054625 0.7956871836609969 0.16738879569442813
118.48415763948988 10.773753004272397 0.7930781730997327 0.5140848200938077
87.18057845840129 3.2628086325454273 0.7759777029963377 0.18261935194683757
88.71011856007134 3.4515310814771643 0.7945390585349796 0.22245819474793302
88.48293258445725 3.7155063369425316 0.7721423787222544 0.2161812820517952
88.32387969221672 4.439195070260318 0.8082276202770242 0.20955119382039503
91.78670361289711 5.587536995768191 0.80783138568335 0.27883559200458186
88.11214718944949 3.384994302513658 0.8003621540812286 0.2073494255992147
91.56095337344676 5.193956904511862 0.7973162514101062 0.27671474678147784
117.28568396937551 12.584978310820679 0.8527973668888325 0.5012294279110204
100.67692059274552 5.4088384317190155 0.7640901983189499 0.3946369220028793
88.91916765092449 4.6510511501272624 0.7725831442134374 0.22431090995888112
91.03924094463042 6.806548156634248 0.8034222730699957 0.26221362989644315
95.15063280714995 10.167429085098892 0.7242096031866041 0.31370197876763367
90.83018774792976 6.36007453639139 0.7441852743208777 0.25714714464890503
88.99438362527611 4.561587977215766 0.8039526119761644 0.22589748456098344
86.42731430058245 2.1630592349055453 0.7882863907347392 0.16068372274044296
92.04688075055627 7.617821872065531 0.8242789578915706 0.275946468772729
88.31227699029088 3.7487252926321197 0.7639988381034613 0.21116734752002964
86.54998392118924 2.846967501859206 0.7823962359434922 0.16344116967203046
88.63526046793797 4.8164671178621274 0.7843025433336569 0.21760285262219917
94.75000644475067 6.332882703411416 0.7855687377091893 0.3242831766988056
91.10862790017916 5.744664333014779 0.7812678962510706 0.2670507190574351
89.34591766077783 4.516255729344391 0.7953555081808147 0.23460087899845394
93.69453969559183 6.446688011632323 0.7297998836651605 0.3038281372908086
102.98184418486166 10.035761527103531 0.8698924199945358 0.3998467976970674
89.61498524826891 5.752800498418055 0.8064803451352217 0.23669150742427722
89.40111961556528 4.313407787440307 0.7836555401618142 0.23653163953065487
87.37540932714968 3.8912001741965545 0.7563262267177671 0.1843321161319541
90.3581053469183 6.394914985115654 0.8004536959580948 0.2505798365649405
92.79904915303925 7.883333320277404 0.8108594985227354 0.28934103529138827
88.7690620943751 4.780200117255466 0.7673755965394043 0.2199058632638015
89.79060242549544 5.499682988135325 0.7678836887527692 0.2411899497021314
91.29666116806895 7.165717881197296 0.7891984636065067 0.2665573791765977
87.49420330497409 3.10537700304296 0.7778509248446492 0.19178949623640767
89.11081950511445 4.8282978515687045 0.7753662440638832 0.22853662960494656
89.0169131172019 5.694764633496825 0.7789479842797201 0.22378411232555145
90.72905324556444 4.6699818796199635 0.7738357614443829 0.26229523208580036
88.08792783834456 3.2183633417709547 0.7857656518089986 0.2077466323823898
89.16286583929178 4.313533739312508 0.7890024273393823 0.23131026492388837
90.88642944595652 6.2037831964557695 0.7724660174728951 0.26143298584708136
92.51701716494136 7.427156686680152 0.8039746010878521 0.28658845870889654
95.76687387055654 5.865548796261474 0.8203669443991449 0.33731350804036586
89.48585503493969 4.498202832739661 0.791988435659409 0.23778567309152648
95.87393493236392 8.322141803029988 0.82674812014928 0.3323685161833909
90.4415874325612 6.372990049725543 0.7851645092992408 0.25271219135241113
90.95745832137497 6.851505009289301 0.7760552729238552 0.2617993139251645
87.26429385638117 2.8941986068077776 0.7745277600467156 0.1854378505948605
92.89079776686799 6.859990202400048 0.8206206182212886 0.29292052379342204
87.8336127281592 3.521190319564372 0.7905445235648998 0.20021009780120727
88.89081245655439 4.5692628091402 0.7722490667561454 0.22388237171584102
87.88020537268281 3.672432181799458 0.7826328539405994 0.20147742069124538
88.82175547168416 4.378249801720842 0.8078974747441316 0.22213357290261024
87.74867414527982 3.278658304213449 0.7789420066491947 0.19860697596877872
96.92846350977239 6.609729293971243 0.7811938890855161 0.3521002606789584
88.45453078577054 4.639402101794894 0.7794952958779615 0.2135537792988324
87.32352520936189 2.8866910484108166 0.7925107329208806 0.18754472768318314
90.22566082228168 6.018778665074027 0.8323373394255085 0.2451557294350265
89.85834530470714 6.016423917331585 0.7571365942362285 0.240218734762531
87.71981180537121 3.535804734278964 0.7729586491416005 0.1968508668394282
88.32162634571182 5.672111061680397 0.7647013798587697 0.2064164980349155
92.27467852873643 7.25811866621778 0.7953511221055067 0.2837923199297064
89.42879542059286 3.67823644466385 0.7523568411449575 0.23586291245601584
88.18857771954394 3.991580754908902 0.7744398104735736 0.20838396944675874
91.50524631601476 5.314216261077423 0.7632519875311543 0.2744124253530112
96.15478915570948 7.537082125928062 0.7863809662279972 0.3404223022736402
114.88547113336658 8.981851720970338 0.8327064453769011 0.49474930591625077
111.57236207887556 7.168973168165001 0.9229441280165116 0.4591173957298955
86.7932405335824 2.7189526594718934 0.7864773509156423 0.17174138503908967
97.60422234883922 8.406871442441377 0.8240192156911011 0.35421192894754
89.27124086938919 5.357818144071596 0.7981166960066693 0.23039018076881737
91.22359910673242 5.9001079781549945 0.7875404936294819 0.26872736948028414
106.45425350111756 6.469380747417983 0.8278727774273912 0.44246075631980114
92.4140063468849 6.49761642081178 0.7940275151258912 0.2877673191692492
86.97516825233318 2.5412709632607346 0.7849646867473772 0.1777953637936843
93.14578754966288 7.505415745000483 0.7777729791740519 0.2974309517113873
87.05535672913282 2.8792717694211074 0.7853726060336845 0.17954111479525564
92.16675487045984 4.632779974404578 0.7340871335594479 0.28369532367595685
92.45866782933038 5.765781964511929 0.7601317894271916 0.28968848079577997
100.96074067014982 10.067693996410538 0.7866033155367428 0.38865115213924667
86.7485155686912 3.156652042873039 0.7732643745275797 0.16887394905893136
104.1038957149112 4.645501329160357 0.771440584939888 0.4272457115087358
87.54184441753344 3.4108171244819143 0.791612117911002 0.19236381691127596
91.75853748688789 6.257815483222111 0.7755371906757361 0.27766094234915195
87.26889196961915 3.011327986882578 0.7838332431183006 0.18573065472944772
89.4172797507553 6.259137151909246 0.7762200037808679 0.23130407381544685
90.29582526314763 6.692503971943021 0.7870537967883077 0.2488990314441047
88.34175664597628 4.079522338286172 0.7686544631979192 0.2115572933611541
86.45112105716224 2.5012018854504254 0.7912477970782235 0.16064407401501293
88.85754315902098 3.7731879312792556 0.7843345074722093 0.22527917174359863
102.63581291215469 11.17927823280279 0.6723180435027583 0.38593383838266726
87.29126193109265 3.0385201881176016 0.7671309879396059 0.18527714282144664
92.86342606621919 8.82425154516396 0.8161728071077198 0.28747043990981785
89.4095433210303 4.996843987693247 0.7868341198828569 0.23499487561259055
87.25206189146277 3.2030846180374066 0.7725551268087284 0.18456199635064516
95.69583838171907 8.333131815182128 0.7201263748700396 0.3261260349950334
99.63450511591705 7.945423081195355 0.8086134544414114 0.37929375735520493
87.7391254287618 3.7736211857364226 0.7831116746362303 0.1973284493250796
88.70465099749713 4.579625978553864 0.7903825377969307 0.21961419638128227
86.9863273703633 2.6727405011668335 0.7920991365266999 0.17778113621550484
86.88561853851049 3.285932296253137 0.782054223482364 0.17348086076533928
97.28716729772971 7.456621739405271 0.7663194177521978 0.354179646331028
90.60003797591015 5.54436826880864 0.769926106872311 0.2575283696603458
87.97819211367668 3.7892137468966425 0.7672176040974543 0.2028236823596231
88.39799995345568 3.7055971077948966 0.8080792378670915 0.2131814756703945
105.65625960849088 8.65546649255417 0.7228975008795873 0.43003602090126614
101.4463631318005 6.236960720273602 0.7461030596066662 0.39964868900419265
86.77470799637095 2.8805200814137204 0.7897400650448291 0.1705695572421763
87.74955807927631 3.57943315408496 0.7710364899438138 0.19730853003790172
87.4466628331798 3.017632225027441 0.7779866085777458 0.19078189788562475
91.08459391956987 5.2713424467596965 0.7753108474446958 0.26765065189051157
93.48775879699473 6.45713783800448 0.7996258037496148 0.30502936699323147
92.8903678610591 4.314147664754473 0.7850907339282021 0.30043582961909926
87.66929182639181 3.3830855581180774 0.7733999826736146 0.1960797406594703
88.32684799426382 3.9702607367459373 0.7803735923867485 0.2119622463037952
88.72467930307904 3.534712427408282 0.7523278012167318 0.22035099890880644
88.32168193665923 3.287231785974584 0.7963193348602906 0.2132373195432472
89.22949087457097 5.326222377102846 0.7892883465929166 0.23001213852648472
89.98116861474234 5.574737709480654 0.7817249975165947 0.24554523482292667
87.44608038474338 3.1471049353841223 0.7815299736724344 0.19041616869891875
86.88110838891032 2.6113004706685556 0.7961094342911812 0.17436232850943312
94.40807941226159 8.131268306467414 0.8080378785381052 0.31418431209425574
94.9342837401639 6.507122203512543 0.724002630507908 0.3205093742495276
103.44656517630385 10.93960680667356 0.8085616116834714 0.41051302226589875
88.01929036499718 4.79395101758088 0.7830093002266719 0.2022330413529138
88.25324909907933 4.01189138854278 0.7807649509643125 0.21014848753948964
89.14111284289235 4.258250770861866 0.7845116035331392 0.23087677331048567
88.73321915531484 3.935892329068042 0.801891589151107 0.22148888600480607
89.51242056055887 5.4957007038650465 0.7854567614816593 0.2356415697714909
100.12967137000544 11.387404648910268 0.8138923163313649 0.3761280418635589
90.52543147991008 5.69365094951083 0.7805030069641279 0.25604531099684663
87.42186409104993 3.140867031314457 0.7838065411018538 0.18988281042880042
87.25749334859917 2.917121462907611 0.7829304763888405 0.18533463140159023
86.77597157070983 3.308481858896788 0.7704346544267249 0.16897458701829762
88.31676936379277 4.201570529991989 0.8011585078351594 0.21074090211780744
91.24880693322685 5.82491984858769 0.7604652292797288 0.2686381337413174
86.9856796105468 2.8189706565082435 0.7913688685590216 0.17761229043828206
88.75063997758684 4.488441717164243 0.7801325763408049 0.22113150129578682
88.33995974829934 3.590842930828023 0.8064191457827425 0.2122323879522544
86.37223787905477 2.657759577982508 0.781003243680786 0.15786514910297805
90.44410704800131 5.001199447139988 0.7776831301400341 0.25618958322941593
88.92404953944207 4.8841265447697895 0.7999610759445689 0.22374771109821903
91.31915624729633 6.150622666484634 0.8159495762875292 0.2684281728602905
95.81897101203208 5.781415665438992 0.8116686484649808 0.33877660691423533
93.73137410392756 6.902750051936736 0.8196580338452303 0.3061836753896704
91.54556017395895 7.1931722734943015 0.7825069512755147 0.27128323339891036
91.327786444947 5.211476168486018 0.7618553680103822 0.27139602423896036
89.61185089324235 5.096368883016392 0.7767792773554588 0.23892625749187438
86.57563812126958 2.2501712008425536 0.7888391265208371 0.1655819852813772
96.06454127333595 10.941583814214367 0.7573452227256307 0.32915935856198997
87.42884209903934 3.2203194500127084 0.7761078460081411 0.1895003748718483
92.86308666648698 8.622186678743335 0.7570744194146353 0.2881298375843651
87.94319243637717 4.134848274818607 0.8143382069902918 0.19998997569678514
89.87433231068111 4.8743017879240185 0.7686529402171448 0.24454525405554003
87.45034880997461 3.7730749594391244 0.7756931352795738 0.188796679873948
98.78320998523515 9.085348511096877 0.8350925811524149 0.36497331516054177
93.12700576987956 8.164699790118174 0.8015994991220603 0.2946587533688285
88.41242138649109 5.125785302491878 0.7915521443475206 0.21120269388851548
94.40066254581852 7.510900254748053 0.793273546510612 0.31654851785511734
99.23929865967486 5.976432472345376 0.7949456618696635 0.3795648472512583
89.05258188616341 5.27805401787922 0.781185919530951 0.22603378743207037
90.23735289325796 5.338104017426715 0.7851475959524263 0.2512569374477591
88.36488311118477 4.52067003162707 0.7789912783273621 0.21155254084428046
88.07038336238762 3.9332360331348766 0.7983242776640448 0.2051682103154835
91.09831218581245 6.09477074250367 0.777762172456468 0.26600505789045464
88.47926121769702 3.707961593286194 0.7837338371756498 0.2162964437228292
86.35565766659234 2.661165645042257 0.793397329791563 0.15681361286455536
91.8773756710812 5.863337511886817 0.782993006238459 0.2806605210270825
93.38009771872295 7.115535759648707 0.8156276008967941 0.3007280265010516
89.49425428404162 4.519983047957037 0.7921799802916715 0.23784163414877196
87.14911281744652 2.811220007843564 0.768036551950439 0.18172948325286262
89.75579527567204 6.714914564588651 0.8024949314525339 0.23688308524361887
87.8257045108699 3.975900994518253 0.7892738379829543 0.19910832774568016
87.65829052999327 3.63000574611214 0.7691398151475534 0.19479560956178024
90.57726605707546 5.10278442725722 0.7800693050198652 0.2585465349882902
89.32243454586326 4.3140720228586185 0.7991641777864135 0.23432295319231528
89.856388345448 5.29843047395019 0.793884084278209 0.24355954304764402
89.13078971203363 4.218182113444679 0.7977869295259004 0.23017463335111055
104.85151903204624 10.64584143227223 0.7075186833633 0.41679131436397393
86.2225103591069 2.163447753369569 0.7844588212376061 0.15325657445802598
94.40550547283425 8.3772058405188 0.75979320082238 0.31296195784617975
90.02496208188644 4.926960397826108 0.7575846515318084 0.24646064639774357
87.27890650328453 3.1684850875596107 0.7853619870617382 0.18568425381036455
87.26557454402446 3.6697884962483474 0.7745384649811932 0.18377359319360295
93.64896407793458 7.164811334667233 0.705067618614896 0.29565980627714683
89.47113107185186 4.461489538014923 0.801268202424404 0.2370465459926417
91.67364517720885 4.657648754982428 0.7634219524068965 0.2790295823730293
87.55238150123854 3.203660549431883 0.7804063080202113 0.1933974788478534
87.01392093741423 2.8378859481519103 0.7750842434052773 0.17813394442050554
94.60531872598105 5.100357564317575 0.8264245006978358 0.32221573106996704
91.806239468984 6.542669827046781 0.7683861629979009 0.27703424888212796
87.30160006653531 2.979982201259772 0.8002583100743309 0.1860920295654586
90.33510292742574 7.2657445843112205 0.7915906481190434 0.24806208123750445
89.7920810831258 5.57221015699228 0.8076307402211507 0.24070777997352624
97.22360837278414 4.6237218562067195 0.7662157779023763 0.3585667167740699
92.4333191492265 5.900273599941022 0.7905743206964343 0.2898588093198646
93.2992606503963 5.782310080433076 0.7839577072360702 0.3040475726577326
88.97322130441678 4.985645615591269 0.8067219604943644 0.2240221135178549
94.52304257616248 6.878436987485821 0.7950772326337917 0.3193393107675678
93.52798204189851 4.162562132260024 0.8334285953518025 0.30694538037766744
89.38368163401687 5.037553905661013 0.8068544742823173 0.23322021667288026
86.69295789194693 2.5740103641149794 0.7884132403780287 0.1689549077759347
89.77455999740006 5.148333539742022 0.7551341687219002 0.24022261032833458
93.69448098715677 5.772385301510243 0.7635932420129968 0.3094451109822925
89.3187397955222 4.438598502181272 0.766782713357247 0.23360812839368858
90.86084406298735 5.357024479078728 0.7731632122553508 0.2631504893844716
89.24624323890708 4.369090391123782 0.787433325680807 0.23283558387407724
91.46589375592748 5.11713239212023 0.7916427409633947 0.2749648246208898
94.68106843666938 11.014864022403135 0.7282651550409054 0.30617541171263685
89.23459503306923 3.6020295539493072 0.7836339752932776 0.2342423546419798
109.39665183065513 7.4572338075366185 0.7055622535516564 0.45714832253074145
87.89899334173273 3.940425415547263 0.7782745605712952 0.2012142353305027
89.86525987107152 4.995231600741775 0.810350766966756 0.24338712468662801
90.16191181752293 6.682618662221989 0.7908907728592115 0.24608421982307427
89.1714773521372 5.333531366270877 0.7797898293664395 0.22865588568244144
86.7882751689911 2.8874338048167254 0.7880885454837627 0.17102027918960308
88.4777186295481 4.186021583875643 0.7893701211208544 0.2153417346088379
87.78682283496252 3.243386016513198 0.7855591657835185 0.19966056224881962
99.43079282650402 9.228317434562072 0.841225805311566 0.3709336147613881
89.66363039983894 4.534055021066896 0.7968059855177787 0.24118462590936796
99.08703998856419 11.401308607919608 0.9001396528942724 0.3472434254489532
91.3902812079807 7.398342479908009 0.7897443134159439 0.26809833814414596
90.30301071423533 5.077023595866635 0.7600009646287259 0.25214845659619445
94.32590975586913 11.333521817532844 0.8139910873796106 0.30325276340117435
110.44058399142055 3.1861511795734443 0.7227135508803534 0.47088704932359904
88.09993646833597 3.6092783288493204 0.7857731862825593 0.2073157644529495
90.115884597277 5.359477078661839 0.7632193854544456 0.24785874022932666
89.27133503659438 4.259979881717748 0.7809173260430713 0.23355038142024737
87.77649045510881 3.091185063428468 0.7660492202267427 0.19891890298894033
90.27938063977024 5.557876991580883 0.8146236689056883 0.25000924243887707
88.374482600214 3.838539513621899 0.7736607197460736 0.21343568907795993
97.28538302356529 9.778991024329134 0.799149098980448 0.34874616641406614
105.78645446086502 9.242773648183045 0.7948881344251053 0.4350282959475252
86.80542441851645 2.752040402111599 0.8029321318702177 0.17121008983320338
87.64628094138486 3.3367084625773797 0.7968946067412298 0.1953616213567555
90.86052599548611 5.396505778095487 0.7933561509831881 0.2631218513367716
87.2329244529459 3.6212140094877774 0.7982867896781762 0.1827276791194985
93.19521755880528 6.67646875762999 0.8077035976048784 0.29965402052217266
87.0640838231084 3.2668796739361063 0.7735133231469595 0.17861032112005326
87.8144267720598 3.7660203157852394 0.7802630926985608 0.1991513890610439
91.75733345319527 5.227710278673879 0.7876493373124395 0.2799515066853927
88.50826343958681 4.592156200509998 0.7603479312151701 0.2135657631121012
91.1480157113794 5.352148430139242 0.7983427438778431 0.26856685940551567
88.31840825364749 3.7163547534058488 0.7859579015111696 0.21252286479842775
89.82743180220078 5.4097611504786745 0.8071552429256387 0.24193600271698518
91.595013469604 8.153233570102344 0.7846086680535028 0.2693843154857086
100.50616911857256 8.864779350796978 0.8030221662457345 0.38664167384527887
92.79492887676852 8.337372677100305 0.7805107452635346 0.2891044845523347
94.99657265823897 11.289396617756031 0.8470078217256712 0.30765957965088203
88.9144069211608 4.051680063537743 0.7934668806794963 0.22603372050305245
86.18829913530841 2.428471955823924 0.7785759583038684 0.15131791239223502
90.5140940347434 5.855992998298443 0.7912302308695331 0.25552593868232126
87.08246400409489 2.7999658403857324 0.7706842092829252 0.1802034516369553
89.8274610304608 4.833908680950342 0.7798657629476493 0.24424534358161754
92.67975317917713 7.491092384709822 0.7535114526603858 0.2881423581298324
91.22932992266576 8.018996248047806 0.8226233487288845 0.26006277575130415
86.93869118284042 2.580132308746298 0.7828278176504359 0.17665787497660315
86.29232180203812 2.150981316075422 0.7845208934815908 0.1558242154084479
89.84749657665544 5.18971336447496 0.7463287395529842 0.2407987780033417
90.1072040318547 6.755487386252331 0.7667874465691826 0.24415910990255088
85.97984730057547 1.9395860319594578 0.7916777284044918 0.14473323630917337
93.60457463012789 6.997491451938249 0.7860550833253744 0.30609215779675725
87.6498467725127 3.3249469526626423 0.805477163240088 0.19495069909938828
89.73422957634449 4.436254344428208 0.7775770066584791 0.24324044844218382
88.3136917838834 4.345488793737393 0.7579144495591548 0.20893777138982095
88.09444399885278 4.192840744434386 0.7905543336277572 0.20563352469433038
101.7113127347816 12.76723500317685 0.819985981141135 0.38773033334345613
87.70267354925844 4.4479256794167705 0.7763816678212989 0.1943817690088017
102.67855461424932 12.137918989202799 0.8304440440542047 0.3991445107250959
95.10489151599954 8.405685064070648 0.8027852922852934 0.3236936265163106
87.05766836265015 3.1630301269122265 0.780513564480123 0.17915099227637316
93.06125734373362 7.0092980252876504 0.8002664394143274 0.29693733740263956
90.2795579642467 5.046984607887379 0.769814086815448 0.2525211817723166
89.43639146212242 5.43576276762252 0.7956004715832526 0.2340813510834888
87.54350356985407 3.0450679125286713 0.7818693598200921 0.1933827391164227
94.33021484425399 12.101230631505018 0.779179229705005 0.30057147953343727
87.22006397890937 2.844242389010956 0.7900461071774724 0.1846471694982611
90.47602228945989 4.3218933381545215 0.7793217728475007 0.2584566913100534
91.40555949094573 5.280178733791446 0.8046164618996169 0.27305372635866937
87.24831135573868 3.3280806143678987 0.7958680323075921 0.18392637151841432
88.79539209369781 3.845247174517223 0.7574456806049826 0.22193195758209328
98.71194586735461 7.5665234749168535 0.7616786696374908 0.37001508973345043
89.20731428968719 4.678141758473051 0.7685726389556293 0.23062205401565644
87.55047426795396 4.2828753456994715 0.7902952697388541 0.1907758561436067
88.16699920750321 3.6325029757433205 0.8023316284751112 0.20819298995267083
90.40430798590961 5.649215225135262 0.76657414488554 0.2532078649371267
88.07355993015884 3.2276182754232994 0.7722980433554959 0.20685211132759856
91.0549717921907 5.720792931417481 0.7952757720069153 0.26616551859669585
90.00862315259462 5.566652127333605 0.7710945465178975 0.24576749474719936
100.19696743790928 11.279595819794768 0.8668483621960231 0.36885378500817206
88.8691220020095 4.1804908108768535 0.7731650605600465 0.2242314444037827
88.2327992041022 3.9679521667555675 0.7888565211120511 0.20971094033148158
90.53874104612629 5.951971607428012 0.7685856677780409 0.2552834887819458
89.60611008795564 5.213588967035236 0.8146848605031473 0.23687342522142552
88.91803751548022 4.175032074212782 0.7912429731427599 0.22602723985679055
87.26395094268285 2.67659055959108 0.7963935969893856 0.18594371302744267
88.44858452627592 3.9583320380914335 0.7849221037893784 0.2149437272014352
101.27903950812751 7.574813713264529 0.7916712866830314 0.3975791910297374
89.95428771835323 5.172365563598322 0.7831162447327549 0.24597848600581182
86.57288160723503 2.497347573422531 0.7909950236088389 0.16490344817874852
86.77631404889301 2.5742463631014973 0.7836049460086333 0.17138834715855863
105.66420105194346 8.37626186111565 0.8673282183248007 0.4272564098982945
95.88898587123596 10.593175282082264 0.825617694414362 0.32613061269157695
94.78427929608726 6.16369298341851 0.820510360027902 0.32315745700281434
89.65184051672526 4.378970140189207 0.7826991644375503 0.24148476894179546
88.42593243607257 3.25230356326098 0.7926612199565021 0.21579748714789015
88.01706330914334 3.6516250855236168 0.7778774246609961 0.20465508523521397
87.42459551846865 3.5521942526942976 0.7725344847452913 0.18868001597221545
89.96465145301428 4.501319356655359 0.7837816780223242 0.24791292221923256
89.36388139224697 4.6259713870471115 0.7927651580964288 0.23493149813775593
91.60895141019427 6.627187392066475 0.7553184428004603 0.2728190415593391
88.4645954804093 3.3393445353361475 0.7919523543142691 0.21686284184362542
91.80633010919334 7.53229143051515 0.7597417963871058 0.27375039239454724
91.45610848735443 5.836222595165449 0.8060656856182226 0.27246111349338276
86.74648832564499 2.6970121723503615 0.7969947905249438 0.16986133117107677
94.80885588442752 7.989106666310826 0.7694482222328693 0.32055068957188854
89.11808323966662 3.695966489574626 0.788554532028791 0.23156215927112847
88.88996469166106 4.1764866669124245 0.785267604370295 0.22516275090304852
86.22715086810896 2.3177939617591607 0.7770809278981058 0.1528975524131186
88.38007065464956 4.334775320797415 0.7901493722793824 0.21260959601058668
92.95389968214552 5.976333132891469 0.8154742122580929 0.2965673994567836
97.79751965953277 13.80946812741844 0.8164264660641177 0.34173506059966796
89.52372423582271 5.116431543054398 0.7846503287043753 0.23703696653026618
86.80967475493553 2.866319631366992 0.7877721398585437 0.17200324096299524
105.79096534872008 12.256148903606066 0.6030208913588736 0.38762682965547246
93.03413329948891 8.150971127082451 0.7658350788155708 0.29332054773902566
93.7809252057844 8.344672332619995 0.7617442109135083 0.3042499969963776
87.21661324285802 3.2915066308996086 0.7723946822908505 0.183070797598112
110.07007360242237 7.955262895350581 0.7090090126220306 0.46267593805649954
94.31124436139055 6.801801232066502 0.7698848216618185 0.3164642630724113
96.89978760976665 8.403012866606147 0.7992505251202036 0.34717595468651913
86.48837344722132 2.2821447146724196 0.778706482161666 0.16242727768527884
90.28312225187176 4.704146910728966 0.7694171597023091 0.25332474792708776
90.04342866318119 6.879719513834954 0.7803455687068603 0.2432198262586738
88.24343150703842 4.33325867502648 0.7635973650912457 0.2080159664224644
88.08233043862109 3.2709649830953675 0.7868317709522346 0.20735528694647995
87.7677139313337 3.593652115807619 0.7776193821948038 0.19828466163522107
90.18167307810722 5.154775677955654 0.7900978220021759 0.25079479342765676
92.24749328858871 5.563997741743297 0.8006121238240322 0.2873561821072788
88.31186241199535 3.838031335099225 0.7676307490151196 0.2115060946511819
99.75000101222106 7.612964985988986 0.8179288507807562 0.3805022806787434
88.94500481653972 5.60407103301406 0.7800662778109236 0.22280167177980803
89.86114136818291 6.109742727682968 0.7880614526003765 0.24173078364240363
91.03649801520275 6.862418654099397 0.7639296765099065 0.2619324219394531
87.31858172231112 3.205108120459436 0.7824964202971019 0.18685802621278133
87.1544054038728 3.0148141284205003 0.7889437450596343 0.182279396770371
95.98643483733018 6.059402663443109 0.8027686735757439 0.3408127716304157
88.07467941853874 4.073850988490626 0.801132372805802 0.2045917155697613
88.80789381606179 4.382881884785775 0.7943047699193106 0.2223701429254389
87.77345895414483 3.9697127308386144 0.7867395921370398 0.1977016972655462
89.20294606472974 5.079502335308407 0.7871676030942926 0.230143866573674
87.30151582785179 2.9178677949704097 0.7953051241011757 0.1866597796713695
92.55252462514169 7.7750414713456495 0.8002976684354365 0.28675698245518244
100.62979059343918 5.74547627912737 0.8440970037414082 0.39006033905581095
87.83165792769543 3.414517128030193 0.7729979729749209 0.20020919644385365
87.77586067014654 3.811116529913377 0.7831035779484654 0.19808075607463904
99.387214210077 8.600429919205451 0.7423467570194693 0.3736874344695125
89.07837848628819 5.589973957872777 0.7691785550682956 0.2252110831918284
97.82181064600978 7.679214070635826 0.7246366132224658 0.3551400864746224
95.36463538445405 8.618327615345384 0.7901351410680131 0.3271274728594724
90.11474277677773 4.257448788235299 0.7818470136108819 0.2513838009848974
87.95033203145594 3.562496283502399 0.7858044546301807 0.20336593463242086
87.04280589969807 3.4444295560597022 0.7924238351572517 0.17777626392007131
93.79130152279942 7.0266052235675724 0.8182974244202078 0.30685031583592104
97.52795926806495 8.738378940078135 0.7644180358839876 0.35377691591887583
92.04148305635671 7.508385630955519 0.7984501538122466 0.2789323175384189
99.97452168756067 3.5572828871861293 0.7799014322398127 0.3902937006665601
87.1121605183279 2.9584276527355 0.7958882266845785 0.18104804263251037
92.62709364797689 6.788341515808193 0.7551040020976183 0.28932676018265885
89.44133571237205 4.953772481185812 0.7804557126377405 0.23569096363641096
95.99236694720975 7.249324364053903 0.7670925107814067 0.33834966629793434
92.44189305362387 7.034018905753729 0.815423982858025 0.2858385321677024
101.00908431744462 10.817562059937261 0.7717760201842202 0.38718217651661074
87.37297705815448 3.67031273082949 0.7945721711945448 0.18696448772986035
90.55138631250328 4.779551292560659 0.7744531365282367 0.25864639781339116
89.50488261513672 5.011931809408616 0.7747668758896408 0.23657076861532864
89.89819956294953 4.587035070118643 0.7888815811722384 0.24646579137372765
99.63936604494671 11.935104053943268 0.7426511839718335 0.3672600091280591
88.33965230584054 3.4791518628051463 0.769340587274794 0.2128233409174495
86.78237143029702 2.7456328454644234 0.8022291174448662 0.1706538502372548
92.94154904532135 6.934243050774087 0.7769204317334587 0.29553945367156537
90.67751551473854 5.581455640145892 0.7911553263149173 0.2594634858625742
88.16885091324268 3.5732027777653927 0.7771455861187716 0.20877609607754058
91.2320927918849 8.115265089000928 0.7618178405133911 0.2615935350903215
97.92543390604052 7.585279360937382 0.7717722997390629 0.3617436934175658
92.45467033644994 9.144693977838973 0.8031692386471817 0.2806247379922083
87.67172048003808 3.23298353090097 0.7862281116126325 0.19653746293926116
87.16282325713414 3.36410586718282 0.7664244025184414 0.1810107123809099
91.36844394170976 7.423653553867853 0.787855028182793 0.2674810501734359
94.41412673334128 8.136029877092739 0.7796120271695469 0.31487617937878515
92.47735442839256 6.785631007051033 0.7427086111999787 0.28542192532022664
93.86649535314801 7.219339377151101 0.7831090721035758 0.30926733203771717
89.72002747365526 4.2962477493355244 0.7839483400331836 0.24347085760037732
87.65587497997925 3.539839858555295 0.8140943639087996 0.19346600063995847
89.6373350393806 4.341745363316675 0.7771612957117051 0.24107344935048536
105.64548132066872 14.293760912449981 0.9032788147007644 0.40439463478727694
86.56341501131915 2.307411775653134 0.7835800276941234 0.16525188578133762
90.50585248441806 6.389537223969257 0.8146839462199144 0.2521168343855488
91.62926864274776 6.2797076854714815 0.7749096716234208 0.27507699090397114
110.01581935317115 7.041303458067644 0.8266085878955038 0.46733306565695
87.29846695644851 3.113279421908867 0.797045886228821 0.18613869683319242
86.95142599886408 2.727124769175026 0.769599617810216 0.1761167933026628
88.84278737175748 4.167067812033514 0.7806182900895963 0.2239566705307048
92.70105240955824 6.014390047705739 0.8010976943557693 0.29363419915861294
86.8429080283926 2.707054694753508 0.7784588579338584 0.17317374485241335
87.83126119348714 3.783119458354578 0.7701696710690743 0.19894380053059485
112.21584679958445 3.2341213036852654 0.7433347397776712 0.484275650224034
89.1918629936405 5.473914814213769 0.7564698148952493 0.22718087500550047
90.35246026100745 6.56522794171881 0.7881979638263023 0.25054811110476405
90.50249027907287 4.840061338037558 0.7692575990098258 0.2575057691598877
95.5854098460966 8.354494718741936 0.8061551913988254 0.32997511329443746
91.82231082514798 5.935889896406731 0.7641046419444051 0.27878671596945975
104.30739963244636 6.21419647414371 0.7453901120879286 0.42559809157956574
88.93598762451916 4.669722322973659 0.7896446944293686 0.22494410257024705
94.01810387448586 8.048821181199253 0.7558888034004138 0.30776557578583313
98.81665750985897 9.066947402783995 0.7898327040410339 0.3684531793156648
90.53061494985937 5.9316782779980874 0.7698683671428808 0.2552274029646132
88.10052952264131 3.687402877884992 0.7809686775914388 0.20692336874987768
86.85781387467003 2.716591982207361 0.7840997110103731 0.17369801528574336
88.53004783848368 4.0617149593501605 0.7815892505995583 0.21689305551746288
93.75625078797887 9.379109515764277 0.7700069043898753 0.300948007491465
90.36816099363551 6.004731146065244 0.7515328733865196 0.24991895184442436
90.19820842757726 5.258562827266584 0.7580151700154113 0.2490922503713328
94.111350340295 9.316478095478773 0.8038640905264293 0.3066561743930392
91.658487059112 5.729384010355258 0.7753563105304381 0.2772360086107715
95.22477942944742 7.2843263292197395 0.7761754065323329 0.3285287649881642
87.79126720514944 3.3711580622855633 0.7827132383581659 0.1996193229776277
90.1640912611028 5.71077832281497 0.7589758088981687 0.2477033953427604
86.7230948090176 2.404541161178924 0.7795829597446553 0.1700788850685586
87.98794076883372 3.7735668784211756 0.7817146770435051 0.2038170668650172
97.14533292108298 8.144947922112518 0.7758438357061388 0.3510665296803224
87.17257610721285 2.7946052063717857 0.7841837811672033 0.18321745160676045
91.71535727247024 6.693790366523627 0.8090032181881693 0.2745941909391887
91.25383342825874 7.22106250971869 0.8188248595513893 0.2638536784455501
87.9333829279817 3.032490376672493 0.7883042860110234 0.20399151505537844
87.30469658789801 3.3146350576221795 0.8003917655571946 0.1855768830920716
86.73470456580795 2.94333449418127 0.7856030927465653 0.1695058092858756
88.13643796331336 3.8427707828258364 0.7979641585202849 0.20732971773536416
87.99095898858687 3.9143887192781457 0.7961638330078286 0.2034432020129956
91.83599735915013 6.57700602835626 0.765031377890265 0.277404474639666
92.08071324549502 5.917676960629958 0.768551146897847 0.2834738184745425
93.90003233453048 9.467970545937009 0.8505479429198094 0.29650116933918924
88.58429053983257 4.802839193633066 0.7819756854000676 0.21624879479514722
90.58030983778515 6.07509932382057 0.7572375404015833 0.25482330767489003
89.0359505584916 4.526153948865178 0.7787162376449962 0.22759598786772092
88.70898620358504 4.310063907665361 0.7755310045368171 0.22028704007824543
91.00306874955902 6.571189798372379 0.7423904947551759 0.259861577844958
94.89932635637362 7.889926474742902 0.7700564954432552 0.32201337478063013
87.88583150767266 3.2607433396917336 0.7813303369534693 0.20239497332028894
89.13919501352122 6.31802922417509 0.7831942881726741 0.22524162821652258
88.88655698779347 4.011143281458698 0.7720983845656262 0.2249918010280459
89.36170523193485 5.1066211500832726 0.7637869662886104 0.23274462794999295
87.20200390693431 3.3027899408287977 0.7854230872613923 0.18307055208224104
92.2498331632741 7.196319777690772 0.8475298938421977 0.2771444724659842
101.38864908610338 5.628067886440522 0.8302956456995204 0.399390116765506
87.93011620186147 3.1448641359665905 0.8091959447098706 0.20246525367283982
87.94971297816403 3.8964869940306355 0.7813037741156907 0.20263756375690853
86.90204230373546 2.8457981622600603 0.776858329866758 0.17464060524998526
87.8770407187397 3.4498887786502523 0.7878502190039747 0.20161179696011344
87.01457872194261 2.6888695942318757 0.8027500757645772 0.1779278847049246
87.14233762703064 3.041508612550807 0.7841982108053779 0.18160445754204177
91.22034978346245 6.079189746826134 0.7734328064213454 0.26813851689990026
87.03287633038235 2.73918284909266 0.7819526520897256 0.17910938067048354
87.88995205936469 3.6578054418527137 0.7778745223196732 0.20135452937477205
90.89049278363716 5.053505147974495 0.7781214005353045 0.2647284684519351
90.52623093318313 7.132940078078921 0.8229043922387503 0.2493912327640423
87.21382999158622 2.8159296101677307 0.7888099646835945 0.18437019684430525
88.85044591371083 3.744241380597575 0.7667987997447627 0.2245284843240243
89.21237567755007 4.522409968953194 0.808406333471341 0.23072521808983648
92.24250925429314 7.212069227649448 0.7829205390444938 0.283514613115691
87.73544127504191 3.6505433959259768 0.7918411612462349 0.19749862231120843
87.62081818079935 3.220083610285111 0.7826161376161045 0.19535003858041505
91.92947154019305 5.524889658945623 0.7797318115392051 0.2823327584255144
87.28816927742228 3.306642385562197 0.789060460121744 0.18544338895320608
90.9836111006951 6.593528647333985 0.7787080911203644 0.2625788053083161
88.8860034602482 4.009004315152224 0.7837900268896693 0.22549733745714196
88.35180360590714 4.22744361379016 0.7985141537157668 0.21158546227880787
94.3014842150434 9.478320332546215 0.7694532226369014 0.308980190262246
87.04579819744626 3.4253542758752547 0.7918459724362078 0.17787101598693464
88.90294899902885 3.4872035356036064 0.8001880452457869 0.22649088556740687
88.4126232323977 4.020980018180803 0.7733283975403431 0.2140396481390276
89.55588564936141 4.361664395190987 0.7842346449572684 0.2396151078632817
107.46284945768532 10.08275022323177 0.8437771899502315 0.4425035712517418
90.19721166391994 5.045052716542888 0.7850323555149583 0.2514440565173964
94.40702846716506 5.598571025728784 0.7682520417940557 0.32033062984409816
88.93647810764526 4.131424241492571 0.7882221936925492 0.22638850184572443
100.90754843405465 11.205848771683526 0.761937871117848 0.38457846246156907
91.12241154941857 6.931749675118859 0.8005876966541035 0.26379267575851273
114.13209034137924 10.40086163328851 0.8959628860326165 0.47840645324521486
93.41917813907311 7.096488115057902 0.7586068320276984 0.3017310506916641
88.89811101157196 5.1126926688678465 0.7563355869439028 0.22097952001166668
91.94723932857701 7.5744817580075425 0.7876497758892353 0.27755680185326287
86.66170845624463 2.3764314819455485 0.7619671663096672 0.16646236625051064
96.7060602154856 5.576247067556994 0.7585668117710593 0.35011639373830666
92.69486534355936 6.382849228189818 0.7912999487775433 0.29334232218780987
90.82702515446796 5.5798338361194455 0.7739488711645571 0.2619794940524573
87.03036058421418 2.788860701719853 0.7890187954674263 0.17873886082542212
109.93282719041778 13.99194998991599 0.6327618148805204 0.43010989145899187
105.6501038889418 5.529248171952864 0.7962176899238467 0.43925315603548004
95.51466883766136 9.064433879016185 0.8021730525435553 0.327152361001886
101.73616862168639 8.40017353880774 0.7801813196200916 0.40038323634627215
98.73867792846193 3.3433443823771816 0.7818571571031014 0.37764661620335505
101.18712220441265 11.750144883685783 0.8648404608454141 0.3792572652902576
92.91055642124459 9.053895202049562 0.8402577356689697 0.28411396170502523
89.59247038777407 4.061578550985682 0.7817680791596023 0.24119873929788233
89.66436664214383 5.005092895842832 0.777853360191361 0.2402158609738454
103.8176859203095 14.743951609920247 0.8154259383560754 0.4026018835942139
92.74125456604662 6.200009964965063 0.780540270376046 0.2942672403461513
87.24212380644077 2.8162227329487584 0.7778676232762634 0.18531042737162365
91.00057011661191 5.956450733891493 0.7796633035644059 0.26474714258913146
100.60223522823337 10.594636724631961 0.728323652929597 0.3796906928744282
87.22722970999733 2.6147307864621703 0.7747985334748289 0.18502428033824872
106.76099848256749 4.835761576021133 0.7727773870978747 0.4480140513452923
94.42905785155462 6.83905190118481 0.8305663797736738 0.3153961223685026
87.65912655607177 4.137350698513114 0.7959405532492291 0.1939747872843244
89.90062712422996 6.0940567479448084 0.7957283570040898 0.24210829528524036
101.878870097949 5.663352845076362 0.8716298474510394 0.3971868405920569
87.62059862410942 3.4425876696407998 0.7901439878767839 0.19448177440777953
90.76225574323955 5.927861715129611 0.784293067481707 0.2602641065600486
88.17205442687431 4.360802755478284 0.7886621807011098 0.20707806135380788
98.65506460330023 6.937963351901017 0.8042637787187037 0.3707807675191001
87.11983262073267 2.8778542447173128 0.7926025240812467 0.18142582135879362
90.47456605990087 6.012929526205723 0.7914314795281101 0.25444524481239555
89.60626074842506 5.063764265694923 0.7708706837003199 0.23864043912126454
95.69991831943332 8.155148970265245 0.8257225678307535 0.3306539687682362
99.38653093217425 6.0973753373047295 0.8234068604327865 0.37927578995172895
