68885
18201
21068
20575
20799
20479
21126
20820
18879
20922
20372
20530
20628
20746
20644
23185
20581
21165
20380
20508
20396
19696
13537
12590
11847
12100
12296
12834
12354
17957
12156
13608
14122
11505
12496
12526
13350
16948
14548
13469
12050
11533
11508
13366
14240
15345
14614
13912
12226
11461
11552
11578
11832
11671
11606
12228
11598
11597
11848
12745
11646
11753
16945
16584
16418
15840
16333
15899
12375
11534
11477
11471
11444
11458
11554
11537
11614
12231
13849
12245
12058
12260
11600
12385
12259
12300
11986
12664
11837
11651
11662
11558
11541
11651
11536
11561
11682
11753
12557
11861
